task_id,user_id,server_id,generation_time,completion_time,latency
3,8,0,0,8,8
6,4,3,2,12,10
7,1,1,3,19,16
8,2,1,4,19,15
0,5,4,0,21,21
1,6,4,0,21,21
2,7,4,0,21,21
4,9,2,1,26,25
5,0,2,2,26,24
9,3,2,4,26,22
15,5,1,23,28,5
11,4,0,13,29,16
12,2,0,21,29,8
10,8,4,9,33,24
13,1,4,22,33,11
16,3,2,27,34,7
14,7,0,22,38,16
18,5,0,29,38,9
20,2,1,31,38,7
17,9,3,28,38,10
19,6,3,30,38,8
21,4,3,32,43,11
24,0,2,36,45,9
27,7,3,40,52,12
28,6,3,41,52,11
30,4,1,44,55,11
26,5,4,40,58,18
31,2,4,46,58,12
22,8,0,34,59,25
23,1,0,35,59,24
25,3,0,36,59,23
29,9,0,42,59,17
39,8,4,60,65,5
36,2,1,59,68,9
41,9,2,64,70,6
32,6,0,55,77,22
35,4,0,57,77,20
37,1,0,60,77,17
42,8,2,67,79,12
45,1,1,79,89,10
46,4,1,79,89,10
48,8,2,84,89,5
33,0,3,56,89,33
34,7,3,56,89,33
38,3,3,60,89,29
40,5,0,61,102,41
43,9,0,71,102,31
44,2,0,72,102,30
53,7,2,92,102,10
49,1,4,90,105,15
50,3,4,90,105,15
47,6,1,83,107,24
56,7,2,103,109,6
58,3,1,106,113,7
62,7,2,110,117,7
59,9,0,106,118,12
60,6,0,108,118,10
64,7,1,118,125,7
63,3,0,117,129,12
65,9,0,119,129,10
51,0,3,91,132,41
52,4,3,92,132,40
54,8,3,94,132,38
55,2,4,103,132,29
57,5,4,104,132,28
61,1,4,109,132,23
67,7,0,127,136,9
68,3,1,131,137,6
66,6,3,120,141,21
71,5,3,133,141,8
69,9,4,132,142,10
75,0,1,136,143,7
78,6,2,142,147,5
81,9,1,145,153,8
70,4,0,133,156,23
73,8,0,134,156,22
76,7,0,137,156,19
72,2,3,134,157,23
74,1,3,135,157,22
86,7,1,158,166,8
85,4,4,158,167,9
80,0,2,145,170,25
77,5,0,142,174,32
79,3,0,143,174,31
83,9,0,156,174,18
90,7,2,171,177,6
82,6,3,153,177,24
84,1,3,158,177,19
87,2,3,159,177,18
88,8,3,160,177,17
91,0,3,173,187,14
93,3,3,176,187,11
94,1,1,178,189,11
95,8,1,178,189,11
92,9,2,175,189,14
99,6,4,181,193,12
101,3,1,189,194,5
100,0,2,189,196,7
98,7,3,180,200,20
102,1,3,190,200,10
89,4,0,168,202,34
96,2,0,180,202,22
97,5,0,180,202,22
104,9,0,191,208,17
109,7,2,201,212,11
110,5,2,203,212,9
103,8,4,190,212,22
105,3,4,195,212,17
106,6,4,195,212,17
112,2,1,207,213,6
108,1,3,201,214,13
111,4,3,206,214,8
117,3,1,214,224,10
119,8,1,215,224,9
107,0,4,198,224,26
116,2,2,214,225,11
120,7,2,217,225,8
122,8,0,225,230,5
121,1,2,219,232,13
124,0,4,227,233,6
113,9,3,209,238,29
114,5,3,213,238,25
115,6,3,213,238,25
118,4,3,215,238,23
129,0,4,234,239,5
123,3,1,226,243,17
128,1,1,233,243,10
131,6,0,239,245,6
130,4,1,239,249,10
136,3,0,245,252,7
134,0,4,243,257,14
135,1,4,245,257,12
140,0,4,258,263,5
137,6,1,247,275,28
138,4,1,250,275,25
139,3,1,254,275,21
141,1,2,258,275,17
142,0,2,264,275,11
125,2,3,227,281,54
126,7,3,227,281,54
127,8,3,231,281,50
132,9,3,239,281,42
133,5,3,240,281,41
148,2,0,282,287,5
149,7,1,282,288,6
144,4,2,276,292,16
145,0,2,277,292,15
152,2,1,288,295,7
143,1,4,276,295,19
146,3,4,277,295,18
147,6,4,277,295,18
153,7,3,289,296,7
154,8,1,294,307,13
160,7,1,298,307,9
162,7,1,308,313,5
156,4,2,295,314,19
157,2,2,296,314,18
159,1,2,297,314,17
150,9,4,282,314,32
151,5,4,286,314,28
155,0,4,295,314,19
158,6,4,296,314,18
161,3,4,299,323,24
163,8,4,310,323,13
164,7,1,314,326,12
172,8,4,324,329,5
170,6,3,317,334,17
175,8,4,330,340,10
176,6,3,336,341,5
165,4,0,315,350,35
166,5,0,315,350,35
167,0,0,316,350,34
168,2,0,316,350,34
169,9,0,316,350,34
177,8,2,345,355,10
178,6,2,346,355,9
181,9,3,351,360,9
182,0,3,352,360,8
179,2,2,351,361,10
180,4,1,351,364,13
184,6,1,356,364,8
187,9,3,361,368,7
185,8,1,357,371,14
186,0,4,361,371,10
171,1,0,318,372,54
173,3,0,325,372,47
174,7,0,327,372,45
183,5,0,352,372,20
189,6,2,366,372,6
191,4,3,371,377,6
188,2,0,365,380,15
199,4,0,379,387,8
198,1,4,377,387,10
197,3,3,376,388,12
190,9,2,369,390,21
192,0,2,372,390,18
194,6,2,373,390,17
195,7,2,373,390,17
193,5,1,373,392,19
196,8,1,375,392,17
201,1,0,389,394,5
200,2,2,383,397,14
205,6,4,392,397,5
210,1,4,395,403,8
207,8,0,393,404,11
208,3,2,394,404,10
203,4,3,391,410,19
204,9,3,391,410,19
206,7,3,393,410,17
215,8,2,406,411,5
202,0,1,391,415,24
209,5,1,394,415,21
211,2,1,398,415,17
216,4,4,412,417,5
212,6,3,399,420,21
218,8,3,412,420,8
222,5,2,416,421,5
220,0,4,416,426,10
221,2,4,416,426,10
214,3,0,406,430,24
217,7,0,412,430,18
219,9,0,413,430,17
223,4,3,419,430,11
213,1,1,406,431,25
224,8,1,421,431,10
227,2,3,427,436,9
234,1,0,433,438,5
230,4,1,431,440,9
233,8,1,432,440,8
237,8,0,441,447,6
225,5,4,422,448,26
226,6,4,426,448,22
229,3,4,431,448,17
228,0,2,428,450,22
231,9,2,431,450,19
232,7,2,432,450,18
235,2,4,439,457,18
239,8,4,448,457,9
240,5,3,449,461,12
241,6,3,449,461,12
244,0,0,453,463,10
245,7,0,454,463,9
236,1,2,441,465,24
238,4,2,443,465,22
243,9,1,451,469,18
246,8,1,459,469,10
242,3,4,450,471,21
251,7,2,467,477,10
252,4,2,468,477,9
255,8,1,475,480,5
247,2,0,460,481,21
248,6,0,462,481,19
249,0,0,464,481,17
257,4,1,479,486,7
253,9,2,471,486,15
256,1,2,476,486,10
250,5,0,466,490,24
254,3,0,474,490,16
263,1,3,487,492,5
259,6,2,482,493,11
266,3,3,491,498,7
264,4,0,489,501,12
268,1,0,493,501,8
258,2,4,482,505,23
260,8,4,483,505,22
261,7,4,485,505,20
270,3,2,499,506,7
262,0,1,486,511,25
271,4,1,503,511,8
273,2,0,507,514,7
276,0,0,513,523,10
277,4,0,513,523,10
274,3,3,507,523,16
279,2,3,515,523,8
272,1,1,505,530,25
275,8,1,507,530,23
280,0,2,524,533,9
281,2,2,524,533,9
282,3,3,524,533,9
265,9,4,490,533,43
267,5,4,491,533,42
269,6,4,494,533,39
278,7,4,513,533,20
288,6,0,535,540,5
286,9,1,534,542,8
285,7,3,534,542,8
283,4,4,526,542,16
284,8,4,531,542,11
291,3,0,537,553,16
294,4,0,543,553,10
297,7,1,544,556,12
293,6,3,541,558,17
289,2,4,536,560,24
290,1,4,537,560,23
292,5,4,540,560,20
298,4,1,556,561,5
287,0,2,535,563,28
295,8,2,543,563,20
296,9,2,543,563,20
301,3,1,561,573,12
304,6,1,562,573,11
302,4,4,562,573,11
306,8,4,564,573,9
305,0,3,564,576,12
299,7,2,558,581,23
300,2,2,561,581,20
303,5,2,562,581,19
307,1,4,566,582,16
311,4,0,576,584,8
309,6,3,574,585,11
316,1,4,583,590,7
319,7,0,589,594,5
312,8,2,576,595,19
315,5,2,582,595,13
314,2,3,582,598,16
317,4,3,585,598,13
308,9,1,571,600,29
310,3,1,575,600,25
313,0,1,579,600,21
318,6,1,588,605,17
320,1,0,592,607,15
324,2,0,599,607,8
321,7,4,595,608,13
322,5,4,596,608,12
332,5,1,609,614,5
325,0,4,601,615,14
326,3,0,602,619,17
328,9,2,604,626,22
329,6,2,606,626,20
331,2,2,608,626,18
323,8,3,596,627,31
327,4,3,602,627,25
330,1,3,608,627,19
333,7,4,612,627,15
335,0,4,619,627,8
334,5,1,615,634,19
336,3,1,620,634,14
341,0,2,630,636,6
338,6,0,627,645,18
339,4,0,628,645,17
340,9,0,628,645,17
337,2,1,627,648,21
342,8,1,630,648,18
343,7,2,634,648,14
344,3,4,635,648,13
345,5,4,635,648,13
349,9,3,646,653,7
350,6,4,647,654,7
348,4,1,646,657,11
355,8,2,652,657,5
353,5,3,650,659,9
354,7,4,652,664,12
356,6,4,655,664,9
358,5,2,661,667,6
346,1,0,637,668,31
347,0,0,639,668,29
351,2,0,649,668,19
352,3,0,649,668,19
357,4,3,658,668,10
359,8,1,661,675,14
362,7,3,667,677,10
365,4,3,669,677,8
360,9,0,663,679,16
366,0,0,670,679,9
370,7,0,678,684,6
361,6,2,666,687,21
363,1,2,669,687,18
364,2,2,669,687,18
367,5,3,670,687,17
368,3,3,673,687,14
371,8,4,679,689,10
372,0,4,680,689,9
369,4,2,678,692,14
375,2,4,688,694,6
376,3,0,688,697,9
377,5,0,688,697,9
374,7,1,686,699,13
381,4,4,693,699,6
382,8,2,694,701,7
380,0,0,690,705,15
373,9,3,685,706,21
378,6,3,688,706,18
379,1,3,689,706,17
386,7,1,700,708,8
388,8,2,704,711,7
384,5,4,699,711,12
387,4,4,701,711,10
392,9,0,708,714,6
383,2,3,696,715,19
385,3,3,700,715,15
396,2,0,716,723,7
389,0,1,706,724,18
394,4,1,713,724,11
393,7,3,709,724,15
397,3,3,716,724,8
395,5,2,714,728,14
402,7,0,725,731,6
399,9,1,720,734,14
400,2,1,725,734,9
403,0,3,726,734,8
390,1,4,707,735,28
391,6,4,708,735,27
398,8,4,716,735,19
401,4,2,725,737,12
405,5,0,730,746,16
406,0,0,735,746,11
404,3,4,726,746,20
407,7,4,735,746,11
409,9,2,736,748,12
411,4,2,738,748,10
415,7,3,748,758,10
418,9,3,749,758,9
408,8,1,736,760,24
410,1,1,737,760,23
412,6,1,738,760,22
413,2,1,740,760,20
416,3,4,749,760,11
419,4,4,750,760,10
423,8,1,761,768,7
420,1,3,761,770,9
424,9,3,762,770,8
427,7,4,767,775,8
421,2,2,761,781,20
425,4,2,763,781,18
426,3,2,764,781,17
430,1,4,773,782,9
414,0,0,747,783,36
417,5,0,749,783,34
422,6,0,761,783,22
435,5,4,784,789,5
432,2,2,783,792,9
434,0,2,784,792,8
437,3,3,786,796,10
439,2,2,793,798,5
440,5,4,793,802,9
441,0,4,794,802,8
445,5,4,803,809,6
442,2,1,799,825,26
443,3,1,800,825,25
444,0,1,803,825,22
428,9,0,771,826,55
429,8,0,772,826,54
431,7,0,776,826,50
433,4,0,783,826,43
436,1,0,786,826,40
438,6,0,786,826,40
446,5,4,811,829,18
448,3,3,827,836,9
449,4,3,827,836,9
457,3,3,837,848,11
458,4,3,837,848,11
454,2,0,828,849,21
455,1,0,829,849,20
456,5,0,830,849,19
459,3,3,849,854,5
461,1,2,850,860,10
462,2,2,850,860,10
447,0,4,827,865,38
450,6,4,827,865,38
451,7,4,827,865,38
452,8,4,827,865,38
453,9,4,827,865,38
464,3,0,855,867,12
466,1,1,862,867,5
473,6,3,869,874,5
474,6,3,875,880,5
470,9,0,868,881,13
471,0,0,869,881,12
469,1,1,868,883,15
472,3,1,869,883,14
475,6,0,881,890,9
477,9,2,882,890,8
478,1,3,884,890,6
476,0,1,882,894,12
479,3,1,884,894,10
480,1,1,891,899,8
481,6,3,891,902,11
460,4,4,849,902,53
463,5,4,851,902,51
465,2,4,861,902,41
467,7,4,866,902,36
468,8,4,867,902,35
488,7,1,904,910,6
484,0,2,900,912,12
487,5,2,903,912,9
489,2,3,905,913,8
493,5,2,913,918,5
492,0,1,913,920,7
491,8,0,911,921,10
494,7,0,913,921,8
499,8,3,922,928,6
496,5,1,919,929,10
497,0,1,921,929,8
500,8,3,929,936,7
501,0,0,930,939,9
502,5,0,930,939,9
498,7,2,922,943,21
482,9,4,891,946,55
483,3,4,896,946,50
485,1,4,901,946,45
486,4,4,903,946,43
490,6,4,908,946,38
503,8,3,938,948,10
505,5,3,940,948,8
506,7,2,945,956,11
507,1,2,947,956,9
495,2,4,915,957,42
504,0,4,940,957,17
513,4,0,952,958,6
508,6,3,948,958,10
509,3,2,950,961,11
516,0,3,958,963,5
514,1,0,957,967,10
515,7,0,957,967,10
517,4,2,959,967,8
522,4,3,968,973,5
519,2,0,962,976,14
521,0,0,964,976,12
524,1,1,969,977,8
526,0,1,977,982,5
527,2,3,977,987,10
528,1,3,979,987,8
523,7,2,968,991,23
529,0,3,983,993,10
530,1,0,988,995,7
510,5,4,950,997,47
511,8,4,950,997,47
512,9,4,950,997,47
518,6,4,960,997,37
520,3,4,962,997,35
