task_id,user_id,server_id,generation_time,completion_time,latency
8,8,3,0,5,5
2,2,2,0,10,10
10,10,2,0,10,10
17,10,2,11,16,5
1,1,0,0,18,18
4,4,0,0,18,18
5,5,0,0,18,18
9,9,0,0,18,18
0,0,4,0,18,18
3,3,4,0,18,18
12,12,4,0,18,18
18,10,3,17,22,5
21,3,4,19,24,5
15,8,0,9,27,18
16,2,0,11,27,16
20,1,3,19,27,8
6,6,1,0,36,36
7,7,1,0,36,36
11,11,1,0,36,36
13,13,1,0,36,36
14,14,1,0,36,36
28,3,0,28,37,9
30,10,0,28,37,9
32,3,0,38,45,7
26,1,3,28,46,18
27,2,3,28,46,18
29,8,3,28,46,18
40,2,0,47,53,6
19,0,2,19,54,35
22,4,2,19,54,35
23,5,2,19,54,35
24,9,2,19,54,35
25,12,2,19,54,35
37,7,1,45,55,10
41,8,1,47,55,8
31,14,4,37,55,18
33,6,4,38,55,17
36,13,4,38,55,17
52,14,4,56,61,5
34,10,3,38,64,26
35,11,3,38,64,26
39,1,3,47,64,17
38,3,2,46,72,26
42,2,2,54,72,18
43,0,2,55,72,17
46,9,0,55,73,18
47,12,0,55,73,18
48,6,0,56,73,17
51,13,0,56,73,17
44,4,1,55,73,18
45,5,1,55,73,18
49,7,1,56,73,17
50,8,1,56,73,17
55,14,3,65,74,9
56,11,3,66,74,8
53,1,4,65,74,9
54,10,4,65,74,9
58,2,2,73,82,9
67,13,2,74,82,8
61,5,1,74,83,9
69,10,1,75,83,8
63,7,0,74,92,18
65,9,0,74,92,18
66,12,0,74,92,18
72,2,2,83,92,9
74,10,2,84,92,8
57,0,3,73,92,19
62,6,3,74,92,18
64,8,3,74,92,18
70,11,3,75,92,17
59,3,4,73,92,19
60,4,4,74,92,18
68,1,4,75,92,17
71,14,4,75,92,17
78,2,4,93,102,9
85,10,4,93,102,9
75,13,0,84,110,26
79,3,0,93,110,17
83,8,0,93,110,17
89,2,4,107,117,10
90,10,4,107,117,10
91,8,0,113,118,5
92,13,1,113,122,9
93,3,1,114,122,8
95,10,0,118,123,5
73,5,3,84,127,43
80,4,3,93,127,34
81,6,3,93,127,34
86,11,3,93,127,34
88,14,3,93,127,34
97,3,0,123,128,5
76,0,2,93,128,35
77,1,2,93,128,35
82,7,2,93,128,35
84,9,2,93,128,35
87,12,2,93,128,35
94,2,4,118,128,10
96,8,4,119,128,9
98,13,1,123,133,10
99,10,1,124,133,9
102,6,0,128,134,6
100,4,2,128,137,9
106,1,2,129,137,8
114,1,0,138,143,5
113,10,1,137,146,9
116,13,1,138,146,8
101,5,3,128,146,18
104,14,3,128,146,18
105,0,3,129,146,17
111,9,3,129,146,17
117,4,0,142,152,10
118,1,0,144,152,8
124,14,1,147,152,5
119,0,2,147,156,9
122,10,2,147,156,9
127,14,1,153,158,5
123,13,0,147,161,14
125,1,0,153,161,8
103,11,4,128,163,35
107,2,4,129,163,34
108,3,4,129,163,34
109,7,4,129,163,34
110,8,4,129,163,34
112,12,4,129,163,34
115,6,3,138,164,26
120,5,3,147,164,17
121,9,3,147,164,17
130,14,0,159,167,8
132,13,2,162,167,5
133,2,2,164,172,8
134,3,1,164,174,10
140,6,1,165,174,9
144,2,1,174,179,5
126,4,4,153,181,28
128,0,4,157,181,24
129,10,4,157,181,24
138,12,4,164,181,17
131,1,3,162,182,20
137,11,3,164,182,18
139,5,3,165,182,17
145,3,2,175,184,9
146,6,2,175,184,9
135,7,0,164,185,21
136,8,0,164,185,21
141,9,0,165,185,20
142,13,0,168,185,17
143,14,4,168,190,22
151,12,4,182,190,8
154,11,2,183,193,10
156,6,2,185,193,8
147,2,3,180,200,20
150,10,3,182,200,18
153,5,3,183,200,17
157,7,2,186,203,17
161,12,2,191,203,12
167,2,1,203,208,5
155,3,4,185,209,24
160,13,4,186,209,23
162,14,4,191,209,18
165,6,3,202,211,9
166,10,3,202,211,9
169,2,1,209,218,9
170,3,1,210,218,8
174,10,4,212,219,7
148,0,0,182,220,38
149,4,0,182,220,38
152,1,0,183,220,37
158,8,0,186,220,34
159,9,0,186,220,34
163,5,2,201,221,20
164,11,2,201,221,20
168,12,2,204,221,17
176,2,4,219,224,5
171,7,3,210,229,19
172,14,3,210,229,19
175,13,3,212,229,17
179,0,0,221,230,9
181,4,0,221,230,9
177,3,1,219,238,19
180,1,1,221,238,17
182,8,1,221,238,17
173,6,2,212,239,27
178,10,2,220,239,19
184,5,2,222,239,17
185,11,2,222,239,17
183,9,4,221,242,21
186,12,4,222,242,20
187,2,4,225,242,17
199,11,4,240,247,7
193,1,3,239,248,9
197,6,3,240,248,8
194,3,1,239,249,10
198,10,1,240,249,9
188,13,0,231,250,19
189,0,0,232,250,18
190,4,0,232,250,18
191,7,0,232,250,18
209,4,4,251,256,5
192,14,2,232,258,26
195,8,2,239,258,19
196,5,2,240,258,18
206,10,1,250,260,10
210,7,1,251,260,9
212,4,4,258,263,5
201,9,3,248,266,18
204,1,3,249,266,17
205,6,3,249,266,17
215,10,4,261,268,7
200,2,0,247,269,22
203,12,0,248,269,21
211,13,0,251,269,18
213,8,1,259,269,10
214,14,1,259,269,10
216,4,3,265,271,6
219,6,4,267,273,6
202,11,2,248,276,28
207,0,2,251,276,25
208,3,2,251,276,25
222,10,1,269,278,9
227,14,1,270,278,8
223,2,3,270,280,10
225,12,3,270,280,10
232,12,2,281,286,5
233,2,1,284,289,5
230,14,3,279,289,10
231,10,3,281,289,8
226,13,4,270,292,22
228,4,4,272,292,20
229,6,4,274,292,18
238,3,4,290,297,7
235,0,1,289,298,9
236,11,1,289,298,9
234,12,3,288,298,10
239,10,3,290,298,8
237,2,2,290,299,9
240,14,2,290,299,9
243,6,4,297,302,5
217,7,0,266,304,38
218,1,0,267,304,37
220,9,0,267,304,37
221,5,0,268,304,36
224,8,0,270,304,34
245,0,3,299,304,5
250,14,4,300,308,8
248,12,2,299,310,11
249,2,2,300,310,10
246,10,0,299,311,12
251,6,3,303,314,11
254,5,3,306,314,8
252,0,2,305,315,10
241,4,1,296,316,20
242,13,1,296,316,20
244,3,1,298,316,18
247,11,1,299,316,17
257,2,0,311,317,6
258,10,3,312,319,7
261,6,1,315,322,7
265,3,0,318,323,5
266,11,3,318,324,6
253,1,4,306,326,20
255,7,4,306,326,20
256,14,4,309,326,17
273,11,3,325,330,5
268,13,1,319,331,12
269,10,1,320,331,11
259,12,2,313,333,20
260,5,2,315,333,18
262,8,2,315,333,18
263,0,2,316,333,17
274,1,1,327,336,9
277,11,0,331,341,10
278,10,0,332,341,9
272,9,2,325,342,17
279,13,2,332,342,10
280,0,3,334,343,9
281,5,3,335,343,8
284,12,0,340,346,6
282,1,1,339,348,9
283,8,1,340,348,8
286,11,3,342,348,6
290,5,2,344,350,6
294,1,3,351,356,5
285,10,1,342,357,15
288,13,1,343,357,14
292,8,2,349,359,10
293,11,2,349,359,10
264,2,4,318,361,43
267,4,4,319,361,42
270,6,4,323,361,38
271,3,4,324,361,37
275,7,4,327,361,34
276,14,4,327,361,34
296,1,3,357,362,5
297,10,1,358,363,5
287,9,0,343,364,21
289,0,0,344,364,20
291,12,0,347,364,17
307,1,1,363,368,5
298,13,0,358,373,15
308,10,0,364,373,9
309,12,3,369,374,5
310,1,1,372,377,5
300,11,2,360,379,19
301,2,2,362,379,17
302,3,2,362,379,17
305,7,2,362,379,17
312,10,0,374,383,9
315,12,0,375,383,8
316,1,1,378,383,5
311,0,3,373,383,10
313,13,3,374,383,9
317,3,1,380,388,8
314,9,2,375,388,13
318,7,2,380,388,8
325,13,0,384,390,6
320,11,3,383,393,10
322,1,3,384,393,9
329,13,0,391,396,5
295,5,4,355,396,41
299,8,4,360,396,36
303,4,4,362,396,34
304,6,4,362,396,34
306,14,4,362,396,34
332,4,1,397,403,6
321,0,2,384,406,22
323,10,2,384,406,22
324,12,2,384,406,22
327,7,2,389,406,17
338,4,0,405,411,6
326,3,3,389,411,22
328,9,3,389,411,22
330,1,3,394,411,17
331,11,3,394,411,17
344,3,2,412,421,9
345,4,2,412,421,9
339,0,1,407,425,18
340,7,1,407,425,18
341,10,1,407,425,18
333,5,3,397,429,32
342,12,3,407,429,22
343,1,3,412,429,17
347,11,0,421,431,10
349,4,0,422,431,9
352,10,1,426,431,5
319,2,4,383,432,49
334,6,4,397,432,35
335,8,4,397,432,35
336,13,4,397,432,35
337,14,4,397,432,35
350,0,2,426,433,7
358,11,2,432,441,9
351,7,3,426,448,22
353,1,3,430,448,18
354,5,3,430,448,18
355,12,0,430,450,20
356,4,0,432,450,18
359,2,0,433,450,17
365,11,2,444,450,6
346,9,4,412,450,38
348,3,4,422,450,28
357,10,4,432,450,18
362,13,4,433,450,17
360,6,1,433,451,18
361,8,1,433,451,18
363,14,1,433,451,18
364,0,3,444,453,9
372,9,1,451,456,5
374,11,3,451,463,12
378,8,3,452,463,11
367,5,2,449,468,19
368,7,2,449,468,19
375,12,2,451,468,17
376,13,2,451,468,17
366,1,0,449,469,20
369,2,0,451,469,18
371,4,0,451,469,18
370,3,4,451,469,18
373,10,4,451,469,18
377,6,4,452,469,17
379,14,4,452,469,17
380,0,3,463,472,9
382,8,3,464,472,8
394,14,2,470,476,6
390,3,3,470,478,8
396,14,2,478,483,5
398,8,3,479,485,6
384,5,0,469,487,18
385,7,0,469,487,18
391,4,0,470,487,17
393,10,0,470,487,17
386,12,1,469,487,18
387,13,1,469,487,18
388,1,1,470,487,17
392,6,1,470,487,17
381,9,4,463,487,24
383,11,4,464,487,23
389,2,4,470,487,17
397,3,0,479,496,17
400,8,0,486,496,10
407,9,3,488,497,9
410,12,3,488,497,9
412,8,0,497,504,7
395,0,1,478,505,27
402,2,1,488,505,17
408,10,1,488,505,17
399,14,4,484,505,21
401,1,4,488,505,17
405,6,4,488,505,17
409,11,4,488,505,17
403,4,2,488,506,18
404,5,2,488,506,18
406,7,2,488,506,18
411,13,2,488,506,18
424,4,1,507,512,5
422,11,2,506,512,6
413,3,3,498,516,18
414,9,3,498,516,18
415,12,3,498,516,18
427,4,1,513,518,5
430,12,2,517,522,5
416,8,0,505,523,18
417,0,0,506,523,17
419,2,0,506,523,17
421,10,0,506,523,17
429,11,3,517,526,9
431,7,3,518,526,8
428,3,1,517,527,10
432,9,1,518,527,9
434,12,2,523,532,9
435,0,2,524,532,8
436,2,0,524,533,9
437,8,0,524,533,9
439,7,1,527,533,6
433,4,3,523,535,12
440,11,3,527,535,8
446,7,2,534,540,6
418,1,4,506,541,35
420,6,4,506,541,35
423,14,4,506,541,35
425,5,4,507,541,34
426,13,4,507,541,34
441,3,1,531,542,11
443,0,1,533,542,9
442,9,0,531,543,12
447,8,0,534,543,9
450,7,2,541,550,9
454,13,2,542,550,8
444,12,3,533,553,20
445,2,3,534,553,19
448,4,3,536,553,17
438,10,4,524,559,35
453,6,4,542,559,17
455,14,4,542,559,17
449,11,1,536,560,24
451,1,1,542,560,18
452,5,1,542,560,18
462,4,3,558,563,5
458,3,0,550,568,18
459,8,0,550,568,18
460,7,0,551,568,17
467,1,1,562,568,6
463,2,4,559,568,9
464,12,4,559,568,9
456,9,2,549,569,20
457,0,2,550,569,19
461,13,2,551,569,18
476,8,1,569,578,9
477,12,1,569,578,9
466,14,3,560,581,21
469,4,3,564,581,17
470,5,3,564,581,17
481,8,1,580,585,5
465,6,0,560,586,26
471,10,0,568,586,18
475,7,0,569,586,17
468,11,2,563,587,24
472,1,2,569,587,18
480,13,2,570,587,17
483,4,3,582,587,5
473,2,4,569,587,18
474,3,4,569,587,18
478,0,4,570,587,17
485,14,1,583,590,7
494,4,2,588,595,7
488,7,3,587,597,10
491,1,3,588,597,9
498,7,3,598,603,5
501,7,2,604,609,5
497,4,1,598,616,18
499,1,1,599,616,17
500,14,1,599,616,17
502,7,2,610,616,6
479,9,0,570,621,51
482,12,0,580,621,41
484,5,0,582,621,39
486,8,0,586,621,35
487,6,0,587,621,34
489,10,0,587,621,34
490,0,4,588,623,35
492,2,4,588,623,35
493,3,4,588,623,35
495,11,4,588,623,35
496,13,4,588,623,35
503,1,3,617,627,10
505,7,3,617,627,10
509,8,4,622,628,6
504,4,0,617,630,13
506,14,0,617,630,13
510,9,1,622,631,9
512,12,1,622,631,9
514,7,3,628,637,9
516,8,3,629,637,8
517,4,0,631,640,9
518,14,0,631,640,9
507,5,2,622,640,18
508,6,2,622,640,18
511,10,2,622,640,18
520,3,4,632,641,9
521,9,4,632,641,9
526,8,3,638,644,6
513,1,1,628,649,21
515,2,1,629,649,20
519,0,1,632,649,17
524,13,1,632,649,17
531,14,3,641,650,9
525,7,4,638,651,13
532,3,4,642,651,9
534,8,0,646,653,7
535,0,3,650,655,5
537,2,0,650,660,10
529,6,1,641,667,26
533,9,1,643,667,24
538,13,1,650,667,17
544,2,3,662,667,5
536,1,4,650,670,20
539,14,4,651,670,19
540,3,4,653,670,17
522,11,2,632,675,43
523,12,2,632,675,43
527,4,2,641,675,34
528,5,2,641,675,34
530,10,2,641,675,34
550,3,3,671,676,5
549,1,4,671,680,9
551,14,4,671,680,9
555,3,0,677,682,5
558,3,3,683,688,5
542,0,2,661,693,32
552,4,2,676,693,17
554,10,2,676,693,17
553,5,4,676,699,23
556,1,4,681,699,18
557,14,4,681,699,18
561,12,3,693,700,7
541,7,1,653,702,49
543,8,1,661,702,41
545,2,1,668,702,34
546,6,1,668,702,34
547,9,1,668,702,34
548,13,1,668,702,34
567,14,3,700,705,5
569,2,0,703,708,5
563,4,4,694,709,15
566,5,4,700,709,9
559,3,2,689,711,22
560,11,2,691,711,20
562,0,2,694,711,17
564,10,2,694,711,17
575,2,3,709,714,5
571,8,4,703,718,15
573,14,4,706,718,12
577,4,0,710,719,9
578,5,0,710,719,9
565,1,1,700,720,20
568,12,1,701,720,19
570,6,1,703,720,17
572,13,1,703,720,17
574,9,2,708,721,13
579,10,2,712,721,9
581,11,3,713,721,8
585,14,4,719,724,5
588,1,4,721,733,12
590,12,4,721,733,12
580,0,0,713,737,24
582,2,0,715,737,22
583,3,0,715,737,22
576,7,1,709,738,29
586,4,1,720,738,18
587,5,1,720,738,18
584,8,3,719,739,20
589,6,3,721,739,18
593,10,3,722,739,17
591,13,2,721,740,19
592,9,2,722,740,18
594,11,2,722,740,18
605,8,4,740,745,5
595,14,0,733,747,14
603,7,0,739,747,8
599,2,3,738,748,10
600,3,3,738,748,10
597,12,1,734,756,22
601,4,1,739,756,17
602,5,1,739,756,17
607,9,3,741,757,16
614,3,3,749,757,8
596,1,2,734,758,24
598,0,2,738,758,20
608,13,2,741,758,17
609,8,0,746,766,20
611,11,0,748,766,18
612,14,0,748,766,18
615,4,4,757,766,9
619,9,4,758,766,8
618,3,3,758,767,9
622,13,3,759,767,8
604,6,1,740,774,34
606,10,1,740,774,34
610,7,1,748,774,26
617,12,1,757,774,17
613,2,2,749,776,27
620,0,2,759,776,17
621,1,2,759,776,17
627,14,4,767,776,9
628,3,4,768,776,8
626,11,3,767,778,11
629,13,3,768,778,10
616,5,0,757,784,27
624,8,0,767,784,17
625,9,0,767,784,17
639,13,3,779,785,6
632,12,4,775,785,10
637,3,4,777,785,8
644,3,3,786,791,5
638,14,0,777,793,16
640,11,0,781,793,12
633,6,1,776,794,18
635,1,1,777,794,17
636,2,1,777,794,17
623,4,2,767,794,27
630,7,2,775,794,19
631,10,2,775,794,19
634,0,2,777,794,17
645,12,2,786,800,14
646,13,1,791,803,12
647,3,1,792,803,11
641,5,4,785,803,18
642,8,4,785,803,18
643,9,4,785,803,18
657,12,2,801,806,5
658,3,2,804,811,7
649,14,0,794,812,18
650,0,0,795,812,17
651,1,0,795,812,17
655,7,0,795,812,17
648,11,3,794,812,18
652,2,3,795,812,17
656,10,3,795,812,17
659,5,1,804,813,9
661,9,1,804,813,9
664,3,0,812,821,9
669,10,0,813,821,8
653,4,4,795,821,26
654,6,4,795,821,26
660,8,4,804,821,17
662,13,4,804,821,17
663,12,1,809,822,13
673,9,1,814,822,8
670,11,3,813,822,9
671,14,3,813,822,9
665,0,2,813,831,18
666,1,2,813,831,18
667,2,2,813,831,18
668,7,2,813,831,18
682,12,0,823,832,9
683,14,0,823,832,9
678,10,3,822,832,10
680,9,3,823,832,9
684,0,0,832,839,7
672,5,4,814,839,25
675,4,4,822,839,17
676,6,4,822,839,17
677,8,4,822,839,17
674,3,1,822,840,18
679,13,1,822,840,18
681,11,1,823,840,17
685,1,2,832,841,9
687,7,2,832,841,9
691,14,4,833,848,15
695,6,4,840,848,8
693,4,1,840,849,9
694,5,1,840,849,9
686,2,3,832,851,19
688,9,3,833,851,18
689,10,3,833,851,18
690,12,3,833,851,18
703,14,4,849,854,5
704,4,2,850,855,5
696,8,0,840,858,18
697,3,0,841,858,17
698,11,0,841,858,17
700,1,1,845,858,13
705,5,1,850,858,8
708,9,2,854,861,7
709,12,4,855,864,9
711,4,4,856,864,8
715,8,2,859,866,7
692,0,3,840,869,29
699,13,3,841,869,28
701,7,3,846,869,23
706,2,3,852,869,17
712,1,4,859,869,10
702,6,0,849,876,27
710,14,0,855,876,21
713,3,0,859,876,17
707,10,1,852,877,25
714,5,1,859,877,18
716,11,1,859,877,18
723,7,4,871,877,6
717,4,2,867,885,18
719,9,2,867,885,18
720,12,2,867,885,18
721,1,1,871,886,15
729,5,1,878,886,8
718,8,3,867,889,22
722,2,3,871,889,18
724,13,3,872,889,17
740,13,1,890,895,5
733,9,2,886,895,9
736,5,2,887,895,8
726,6,4,877,895,18
727,14,4,877,895,18
731,10,4,878,895,17
728,0,0,878,896,18
730,7,0,878,896,18
732,11,0,878,896,18
738,2,0,890,901,11
742,6,1,896,901,5
744,10,4,896,914,18
746,14,4,896,914,18
749,11,4,897,914,17
751,6,1,913,918,5
755,6,0,919,924,5
725,3,3,877,924,47
734,1,3,887,924,37
735,4,3,887,924,37
737,12,3,887,924,37
739,8,3,890,924,34
756,1,0,925,930,5
760,12,1,925,931,6
741,5,2,896,931,35
743,9,2,896,931,35
745,13,2,896,931,35
747,0,2,897,931,34
748,7,2,897,931,34
750,2,4,913,932,19
752,10,4,915,932,17
754,14,4,915,932,17
762,1,3,931,938,7
771,14,0,933,939,6
773,14,0,942,948,6
764,5,1,932,950,18
765,7,1,932,950,18
766,9,1,932,950,18
769,2,1,933,950,17
758,6,4,925,951,26
763,0,4,932,951,19
770,10,4,933,951,18
774,14,3,949,954,5
775,2,0,951,961,10
779,0,0,952,961,9
778,9,1,951,961,10
781,10,1,952,961,9
753,11,2,915,966,51
757,4,2,925,966,41
759,8,2,925,966,41
761,3,2,926,966,40
767,12,2,932,966,34
768,13,2,932,966,34
786,10,3,962,967,5
772,1,4,941,969,28
776,5,4,951,969,18
777,7,4,951,969,18
780,6,4,952,969,17
782,14,1,958,970,12
783,0,1,962,970,8
795,0,1,976,982,6
785,9,2,962,984,22
790,11,2,967,984,17
791,12,2,967,984,17
787,3,3,967,985,18
788,4,3,967,985,18
789,8,3,967,985,18
793,10,3,968,985,17
784,2,4,962,987,25
792,13,4,967,987,20
794,6,4,970,987,17
804,3,0,986,991,5
796,5,2,978,993,15
800,0,2,983,993,10
802,11,1,985,994,9
803,12,1,985,994,9
