task_id,user_id,server_id,generation_time,completion_time,latency
6,6,0,0,9,9
9,9,0,0,9,9
2,2,4,0,9,9
11,11,4,0,9,9
16,11,4,10,15,5
3,3,1,0,18,18
7,7,1,0,18,18
8,8,1,0,18,18
4,4,2,0,18,18
5,5,2,0,18,18
10,10,2,0,18,18
15,2,0,10,20,10
17,6,0,12,20,8
19,11,4,16,21,5
24,8,1,19,24,5
23,7,4,19,26,7
18,9,2,12,27,15
20,3,2,19,27,8
27,6,1,21,29,8
28,11,2,24,32,8
0,0,3,0,35,35
1,1,3,0,35,35
12,12,3,0,35,35
13,13,3,0,35,35
14,14,3,0,35,35
30,7,4,27,36,9
31,3,4,28,36,8
21,4,0,19,38,19
22,5,0,19,38,19
26,2,0,21,38,17
29,8,1,26,38,12
32,9,1,28,38,10
40,3,2,37,44,7
25,10,3,19,44,25
34,11,3,33,44,11
37,12,1,36,56,20
38,13,1,36,56,20
43,4,1,39,56,17
45,8,1,39,56,17
42,2,0,39,57,18
44,5,0,39,57,18
46,9,0,39,57,18
47,11,3,48,58,10
48,3,3,49,58,9
57,3,0,59,64,5
51,8,2,57,66,9
55,5,2,58,66,8
50,4,3,57,67,10
56,9,3,58,67,9
59,3,0,65,70,5
58,11,2,59,71,12
33,6,4,32,71,39
35,0,4,36,71,35
36,1,4,36,71,35
39,14,4,36,71,35
41,7,4,37,71,34
52,12,1,57,75,18
53,13,1,57,75,18
54,2,1,58,75,17
64,3,2,71,76,5
61,8,3,67,76,9
63,9,3,68,76,8
60,5,0,67,79,12
62,4,0,68,79,11
49,10,4,55,80,25
68,14,4,72,80,8
74,3,2,77,82,5
67,11,1,72,84,12
70,1,1,76,84,8
71,2,0,76,88,12
78,5,0,80,88,8
76,9,4,77,89,12
77,4,4,80,89,9
83,11,2,87,92,5
82,14,4,85,94,9
79,3,0,84,97,13
84,2,0,89,97,8
88,9,4,94,99,5
75,8,1,77,102,25
80,10,1,84,102,18
81,1,1,85,102,17
90,14,0,99,104,5
93,1,0,103,109,6
89,2,1,98,111,13
94,8,1,103,111,8
85,5,2,89,111,22
86,11,2,93,111,18
87,4,2,94,111,17
65,6,3,72,111,39
66,7,3,72,111,39
69,0,3,75,111,36
72,12,3,76,111,35
73,13,3,76,111,35
92,3,4,102,111,9
95,10,4,103,111,8
105,8,0,112,118,6
110,8,0,121,126,5
91,9,2,100,129,29
100,3,2,112,129,17
108,12,2,112,129,17
96,14,3,105,129,24
99,2,3,112,129,17
101,4,3,112,129,17
106,10,3,112,129,17
97,1,4,110,129,19
103,6,4,112,129,17
107,11,4,112,129,17
109,13,4,112,129,17
98,0,1,112,130,18
102,5,1,112,130,18
104,7,1,112,130,18
120,12,0,130,140,10
123,0,0,131,140,9
115,4,1,130,140,10
117,9,1,130,140,10
112,1,4,130,140,10
114,3,4,130,140,10
126,0,1,141,146,5
128,3,4,141,146,5
113,2,2,130,148,18
122,14,2,130,148,18
124,5,2,131,148,17
125,7,2,131,148,17
133,3,4,147,152,5
135,5,1,149,154,5
136,7,4,149,158,9
138,3,1,153,163,10
139,5,1,155,163,8
111,8,3,127,164,37
116,6,3,130,164,34
118,10,3,130,164,34
119,11,3,130,164,34
121,13,3,130,164,34
140,7,4,159,165,6
143,6,1,165,174,9
145,10,1,165,174,9
141,3,0,164,182,18
142,5,0,164,182,18
146,11,0,165,182,17
127,1,2,141,183,42
129,4,2,141,183,42
130,9,2,141,183,42
131,12,2,141,183,42
132,0,2,147,183,36
134,2,2,149,183,34
137,14,2,149,183,34
144,8,4,165,183,18
147,13,4,165,183,18
148,7,4,166,183,17
149,6,1,175,184,9
150,10,1,175,184,9
151,3,0,183,193,10
165,10,0,185,193,8
161,12,2,184,193,9
162,13,2,184,193,9
169,10,0,195,200,5
154,0,3,184,202,18
158,7,3,184,202,18
160,9,3,184,202,18
164,6,3,185,202,17
170,10,2,201,206,5
166,3,1,194,212,18
167,12,1,194,212,18
168,13,1,194,212,18
175,10,0,207,213,6
177,12,1,213,218,5
152,5,4,183,218,35
153,11,4,183,218,35
155,1,4,184,218,34
156,2,4,184,218,34
157,4,4,184,218,34
159,8,4,184,218,34
163,14,4,184,218,34
171,0,3,203,221,18
172,6,3,203,221,18
173,7,3,203,221,18
174,9,3,203,221,18
176,3,0,213,222,9
179,10,0,214,222,8
184,8,2,219,224,5
178,13,4,213,227,14
187,14,4,219,227,8
182,4,0,219,231,12
188,0,0,222,231,9
192,3,4,223,232,9
191,9,2,222,234,12
193,10,2,226,234,8
194,13,0,228,236,8
180,1,1,219,237,18
181,2,1,219,237,18
183,5,1,219,237,18
185,11,1,219,237,18
186,12,3,219,239,20
189,6,3,222,239,17
190,7,3,222,239,17
201,10,0,235,241,6
195,8,2,229,244,15
197,0,2,232,244,12
200,9,3,235,244,9
202,13,4,237,247,10
206,11,4,238,247,9
204,2,0,238,250,12
205,5,0,238,250,12
208,7,3,242,253,11
212,8,3,245,253,8
210,12,0,244,255,11
196,14,1,230,255,25
198,4,1,232,255,23
199,3,1,233,255,22
207,6,4,242,256,14
211,0,4,245,256,11
203,1,2,238,262,24
209,10,2,242,262,20
213,9,2,245,262,17
215,2,3,252,262,10
219,8,3,254,262,8
214,13,1,248,264,16
220,3,1,256,264,8
216,11,0,253,266,13
223,0,0,257,266,9
217,5,2,254,267,13
218,7,4,254,274,20
221,12,4,256,274,18
224,4,4,257,274,17
225,6,4,257,274,17
232,13,0,266,275,9
234,11,0,267,275,8
231,3,1,266,275,9
233,0,1,267,275,8
235,5,4,270,283,13
236,4,4,275,283,8
240,0,0,276,285,9
243,13,0,276,285,9
241,3,1,276,285,9
242,11,1,276,285,9
244,4,4,284,289,5
248,11,0,286,291,5
237,6,2,275,293,18
238,7,2,275,293,18
239,12,2,275,293,18
251,11,1,292,297,5
222,14,3,256,297,41
226,1,3,263,297,34
227,2,3,263,297,34
228,8,3,263,297,34
229,9,3,263,297,34
230,10,3,263,297,34
247,3,4,286,299,13
250,4,4,290,299,9
252,6,0,294,300,6
256,9,1,298,303,5
253,7,3,294,306,12
254,12,3,294,306,12
260,3,0,300,309,9
261,4,0,300,309,9
262,9,1,304,310,6
245,5,2,284,311,27
246,0,2,286,311,25
249,13,2,286,311,25
264,12,3,307,312,5
271,0,3,312,317,5
257,11,4,298,317,19
258,14,4,298,317,19
259,2,4,300,317,17
266,4,0,310,320,10
270,10,0,311,320,9
277,11,0,318,325,7
280,10,3,321,327,6
265,3,1,310,328,18
267,7,1,310,328,18
269,9,1,311,328,17
255,1,2,298,329,31
263,6,2,305,329,24
268,8,2,310,329,19
273,13,2,312,329,17
281,11,3,326,332,6
282,10,0,328,333,5
272,5,4,312,335,23
275,0,4,318,335,17
276,2,4,318,335,17
290,10,4,334,340,6
274,12,1,317,346,29
278,14,1,318,346,28
283,3,1,329,346,17
284,7,1,329,346,17
291,2,4,339,346,7
279,4,2,321,347,26
285,9,2,329,347,18
288,13,2,330,347,17
293,10,0,341,350,9
294,5,0,342,350,8
286,6,3,330,350,20
287,8,3,330,350,20
289,11,3,333,350,17
297,3,4,347,356,9
303,13,4,348,356,8
299,12,2,347,357,10
301,4,2,348,357,9
304,5,2,351,362,11
311,4,0,360,365,5
302,9,3,348,368,20
305,6,3,351,368,17
306,8,3,351,368,17
308,11,3,351,368,17
313,12,0,364,370,6
314,4,2,366,371,5
307,10,4,351,374,23
309,3,4,357,374,17
310,13,4,357,374,17
320,4,2,372,377,5
316,8,3,369,378,9
318,11,3,369,378,9
321,3,0,375,380,5
292,0,1,340,381,41
295,1,1,347,381,34
296,2,1,347,381,34
298,7,1,347,381,34
300,14,1,347,381,34
322,10,2,375,382,7
326,11,1,379,386,7
319,12,3,371,387,16
324,4,3,378,387,9
325,8,0,379,389,10
327,3,0,381,389,8
312,5,4,363,392,29
315,6,4,369,392,23
317,9,4,369,392,23
323,13,4,375,392,17
337,3,0,390,395,5
328,10,1,383,395,12
331,2,1,386,395,9
329,0,2,386,395,9
333,14,2,386,395,9
340,6,1,393,401,8
339,5,2,393,404,11
341,9,2,393,404,11
332,7,3,386,405,19
334,11,3,387,405,18
335,4,3,388,405,17
330,1,4,386,410,24
336,12,4,388,410,22
338,8,4,390,410,20
342,13,4,393,410,17
343,2,0,396,414,18
344,3,0,396,414,18
346,14,0,396,414,18
347,0,0,397,414,17
351,4,2,406,415,9
353,11,2,406,415,9
349,5,4,405,415,10
355,8,1,411,416,5
358,0,1,415,421,6
345,10,3,396,423,27
348,6,3,403,423,20
350,9,3,405,423,18
352,7,3,406,423,17
357,13,2,411,425,14
362,4,2,416,425,9
366,8,1,423,428,5
354,1,0,411,432,21
356,12,0,411,432,21
360,3,0,415,432,17
372,13,2,427,432,5
371,6,1,427,433,6
359,2,4,415,433,18
363,5,4,416,433,17
364,11,4,416,433,17
373,8,2,429,437,8
361,14,3,415,441,26
365,0,3,422,441,19
368,9,3,424,441,17
374,1,0,433,442,9
378,2,0,434,442,8
379,5,2,434,442,8
384,9,2,442,447,5
383,0,3,442,447,5
375,3,1,433,451,18
377,13,1,433,451,18
381,11,1,434,451,17
390,0,2,449,454,5
391,11,3,452,457,5
382,8,0,438,460,22
387,5,0,443,460,17
388,14,0,443,460,17
386,2,1,443,461,18
392,3,2,453,464,11
394,13,2,455,464,9
398,14,1,461,466,5
367,7,4,424,468,44
369,10,4,424,468,44
370,4,4,426,468,42
376,12,4,433,468,35
380,6,4,434,468,34
396,5,3,461,471,10
399,2,3,462,471,9
402,14,2,467,472,5
385,1,4,443,477,34
393,0,4,455,477,22
403,6,1,469,478,9
404,7,1,469,478,9
389,9,0,448,479,31
395,11,0,458,479,21
397,8,0,461,479,18
400,3,3,465,480,15
401,13,3,465,480,15
405,12,2,469,481,12
406,5,2,472,481,9
413,6,1,479,484,5
409,0,2,478,486,8
412,1,3,479,489,10
414,7,3,479,489,10
419,6,2,485,491,6
407,2,4,473,495,22
408,14,4,476,495,19
410,4,4,478,495,17
411,10,0,478,497,19
415,8,0,480,497,17
416,9,0,480,497,17
417,11,0,480,497,17
423,12,3,488,498,10
424,1,3,490,498,8
428,4,2,496,501,5
418,5,4,485,504,19
425,7,4,490,504,14
420,3,1,486,505,19
421,0,1,487,505,18
422,13,1,487,505,18
431,9,2,498,506,8
438,7,3,505,510,5
439,3,2,506,512,6
427,2,0,496,515,19
430,8,0,498,515,17
432,10,0,498,515,17
441,9,2,510,517,7
442,7,3,511,520,9
443,0,3,512,520,8
445,8,2,516,522,6
433,11,4,498,522,24
434,1,4,500,522,22
435,12,4,501,522,21
426,6,1,492,523,31
429,14,1,496,523,27
436,4,1,502,523,21
437,5,1,505,523,18
444,3,0,513,525,12
447,2,0,517,525,8
446,10,3,516,526,10
448,9,0,518,530,12
454,12,3,523,531,8
440,13,4,506,531,25
451,1,4,523,531,8
461,1,4,532,537,5
459,3,0,530,539,9
460,10,0,530,539,9
450,7,1,521,541,20
453,11,1,523,541,18
456,5,1,524,541,17
449,0,2,521,541,20
452,8,2,523,541,18
455,4,2,524,541,17
457,14,2,524,541,17
464,13,3,537,542,5
465,1,0,538,544,6
467,6,4,540,545,5
469,0,0,542,549,7
477,6,4,548,557,9
478,13,4,549,557,8
462,9,1,532,559,27
468,10,1,540,559,19
470,4,1,542,559,17
473,8,1,542,559,17
458,2,2,530,559,29
463,12,2,532,559,27
474,11,2,542,559,17
475,14,2,542,559,17
466,3,3,540,560,20
471,5,3,542,560,18
472,7,3,542,560,18
479,0,4,551,562,11
492,7,3,561,566,5
485,9,4,560,567,7
493,0,4,568,577,9
494,7,4,568,577,9
482,2,0,560,578,18
484,8,0,560,578,18
490,3,0,561,578,17
476,1,2,548,578,30
486,10,2,560,578,18
491,5,2,561,578,17
497,7,3,578,583,5
503,10,4,579,584,5
495,9,0,568,587,19
499,2,0,579,587,8
506,2,3,588,593,5
480,6,1,558,594,36
481,13,1,558,594,36
483,4,1,560,594,34
487,11,1,560,594,34
488,12,1,560,594,34
489,14,1,560,594,34
496,0,2,578,596,18
498,1,2,579,596,17
500,3,2,579,596,17
501,5,2,579,596,17
505,10,4,585,597,12
507,9,4,588,597,9
512,12,4,595,602,7
508,2,3,594,603,9
513,13,3,595,603,8
509,4,0,595,605,10
516,1,0,597,605,8
515,0,2,597,606,9
518,5,2,597,606,9
517,3,3,597,608,11
520,10,4,602,611,9
521,12,4,603,611,8
522,2,4,604,617,13
519,9,0,600,623,23
523,13,0,604,623,19
524,1,0,606,623,17
525,4,0,606,623,17
529,10,4,617,626,9
530,12,4,617,626,9
526,0,3,609,627,18
527,3,3,609,627,18
528,5,3,609,627,18
532,1,0,624,629,5
502,8,1,579,629,50
504,7,1,584,629,45
510,6,1,595,629,34
511,11,1,595,629,34
514,14,1,595,629,34
531,2,3,618,632,14
533,4,2,624,633,9
535,13,2,624,633,9
543,7,3,630,637,7
541,1,2,630,642,12
546,14,2,630,642,12
536,10,0,627,647,20
539,3,0,628,647,19
544,8,0,630,647,17
534,9,1,624,647,23
537,12,1,627,647,20
540,5,1,628,647,19
547,2,3,639,648,9
548,4,3,640,648,8
538,0,4,628,649,21
542,6,4,630,649,19
545,11,4,630,649,19
551,13,2,643,653,10
552,14,2,644,653,9
553,3,4,648,654,6
549,1,0,643,665,22
550,7,0,643,665,22
556,9,0,648,665,17
555,8,1,648,666,18
557,10,1,648,666,18
559,2,1,649,666,17
565,14,2,657,666,9
566,0,2,658,666,8
554,5,3,648,667,19
558,12,3,648,667,19
560,4,3,650,667,17
561,11,3,650,667,17
563,13,4,656,667,11
564,6,4,657,667,10
567,1,1,666,671,5
578,11,3,668,673,5
572,8,4,667,685,18
573,10,4,667,685,18
575,4,4,668,685,17
581,11,3,680,689,9
582,1,3,681,689,8
584,8,1,686,692,6
587,11,4,690,695,5
586,1,1,690,697,7
588,8,3,693,698,5
562,3,0,655,701,46
568,7,0,666,701,35
569,9,0,666,701,35
570,0,0,667,701,34
571,2,0,667,701,34
574,14,2,667,702,35
576,5,2,668,702,34
577,6,2,668,702,34
579,12,2,668,702,34
580,13,2,668,702,34
590,1,1,698,704,6
591,8,3,699,705,6
583,4,0,686,710,24
585,10,0,686,710,24
589,11,2,696,711,15
596,9,2,702,711,9
602,8,0,710,719,9
603,4,0,711,719,8
604,10,3,711,720,9
605,9,3,712,720,8
594,3,1,702,722,20
600,14,1,703,722,19
601,1,1,705,722,17
606,11,3,716,726,10
607,4,0,720,730,10
610,9,0,721,730,9
617,9,3,731,736,5
592,0,4,702,737,35
593,2,4,702,737,35
595,7,4,702,737,35
597,5,4,703,737,34
598,6,4,703,737,34
599,13,4,703,737,34
608,8,2,720,738,18
609,12,2,720,738,18
611,10,2,721,738,17
620,2,2,738,743,5
622,6,3,738,747,9
625,8,3,739,747,8
612,1,0,727,748,21
614,11,0,727,748,21
615,14,0,727,748,21
616,4,0,731,748,17
628,2,2,744,749,5
633,11,0,749,754,5
613,3,4,727,755,28
618,9,4,737,755,18
619,0,4,738,755,17
623,7,4,738,755,17
621,5,1,738,758,20
624,13,1,738,758,20
626,10,1,739,758,19
629,6,2,748,760,12
635,2,2,751,760,9
636,11,0,755,761,6
637,0,2,756,765,9
644,10,0,761,766,5
630,8,3,748,766,18
631,1,3,749,766,17
632,4,3,749,766,17
634,14,1,749,767,18
639,7,1,756,767,11
651,10,2,767,772,5
627,12,4,739,773,34
638,3,4,756,773,17
640,9,4,756,773,17
646,0,0,766,775,9
650,8,0,767,775,8
653,10,2,773,778,5
652,7,4,773,778,5
658,8,2,776,783,7
641,13,3,760,784,24
648,1,3,767,784,17
649,4,3,767,784,17
654,14,0,773,785,12
657,0,0,776,785,9
642,2,1,761,785,24
643,6,1,761,785,24
645,11,1,765,785,20
647,5,1,766,785,19
659,7,4,779,788,9
660,10,4,779,788,9
656,9,1,774,790,16
655,3,3,774,793,19
663,1,3,785,793,8
665,13,0,785,794,9
669,14,0,786,794,8
670,0,1,789,795,6
666,2,4,786,797,11
668,11,4,786,797,11
671,10,0,789,801,12
661,8,2,784,802,18
662,12,2,784,802,18
664,4,2,785,802,17
680,2,4,800,805,5
683,4,0,803,808,5
667,5,3,786,811,25
672,7,3,791,811,20
676,6,3,794,811,17
674,1,1,794,813,19
678,14,1,795,813,18
679,0,1,796,813,17
691,0,0,814,819,5
692,1,4,814,819,5
687,4,3,809,820,11
690,7,3,812,820,8
695,1,0,820,825,5
673,9,2,792,837,45
675,3,2,794,837,43
677,13,2,795,837,42
682,10,2,802,837,35
685,12,2,803,837,34
694,0,3,820,838,18
696,4,3,821,838,17
697,7,3,821,838,17
705,7,3,839,844,5
698,1,2,826,846,20
700,10,2,838,846,8
701,12,4,838,847,9
702,13,4,838,847,9
699,3,0,838,848,10
703,0,0,839,848,9
681,11,1,800,848,48
684,8,1,803,848,45
686,2,1,808,848,40
688,5,1,812,848,36
689,6,1,812,848,36
693,14,1,814,848,34
706,7,3,845,850,5
708,1,0,847,853,6
704,4,2,839,856,17
710,12,2,848,856,8
717,1,0,854,859,5
714,8,1,849,859,10
715,5,1,851,859,8
721,2,2,860,865,5
707,9,4,846,865,19
709,10,4,847,865,18
711,13,4,848,865,17
712,0,3,849,869,20
713,3,3,849,869,20
716,7,3,851,869,18
727,9,2,866,871,5
729,13,4,866,871,5
718,4,1,857,877,20
719,12,1,857,877,20
725,11,1,860,877,17
734,13,2,872,877,5
720,1,0,860,878,18
722,5,0,860,878,18
724,8,0,860,878,18
723,6,3,860,878,18
726,2,3,866,878,12
730,3,4,870,880,10
735,14,4,872,880,8
733,9,0,872,883,11
741,2,4,879,885,6
746,14,0,885,890,5
728,10,1,866,895,29
731,0,1,872,895,23
736,4,1,878,895,17
738,12,2,878,896,18
739,13,2,878,896,18
743,6,2,879,896,17
744,8,2,879,896,17
732,7,3,872,896,24
737,11,3,878,896,18
740,1,3,879,896,17
742,5,3,879,896,17
749,14,0,892,899,7
745,3,4,884,903,19
747,2,4,886,903,17
748,9,4,886,903,17
754,5,1,897,906,9
758,11,1,897,906,9
765,9,1,907,913,6
750,0,3,896,914,18
753,1,3,897,914,17
760,13,3,897,914,17
755,6,2,897,915,18
756,7,2,897,915,18
757,8,2,897,915,18
751,4,0,896,918,22
752,10,0,896,918,22
759,12,0,897,918,21
773,8,2,916,921,5
761,14,0,906,923,17
767,9,1,914,923,9
769,1,1,915,923,8
762,2,4,907,925,18
763,3,4,907,925,18
766,11,4,907,925,18
774,10,2,920,926,6
775,4,1,923,932,9
777,1,1,924,932,8
778,9,0,924,934,10
783,11,0,926,934,8
780,14,4,924,934,10
782,3,4,926,934,8
776,8,2,923,935,12
779,12,2,924,935,11
791,8,2,936,941,5
788,9,4,935,944,9
790,14,4,935,944,9
787,3,0,935,945,10
789,11,0,935,945,10
792,12,2,941,946,5
781,2,1,926,950,24
785,1,1,933,950,17
786,4,1,933,950,17
764,5,3,907,950,43
768,0,3,915,950,35
770,13,3,915,950,35
771,6,3,916,950,34
772,7,3,916,950,34
794,9,4,945,950,5
799,0,1,951,960,9
800,1,1,951,960,9
803,5,2,951,960,9
805,7,2,951,960,9
802,4,4,951,960,9
807,13,4,951,960,9
793,8,0,942,963,21
796,3,0,946,963,17
797,11,0,946,963,17
815,11,1,969,974,5
809,1,2,961,979,18
811,5,2,961,979,18
813,13,2,961,979,18
808,0,4,961,979,18
810,4,4,961,979,18
812,7,4,961,979,18
784,10,3,932,985,53
795,14,3,945,985,40
798,12,3,947,985,38
801,2,3,951,985,34
804,6,3,951,985,34
806,9,3,951,985,34
818,0,4,980,985,5
821,5,0,980,986,6
817,11,2,975,988,13
822,7,2,980,988,8
820,4,1,980,989,9
823,13,1,980,989,9
824,0,0,986,995,9
829,5,0,987,995,8
826,9,4,986,995,9
828,14,4,986,995,9
827,12,2,986,999,13
831,7,2,989,999,10
