task_id,user_id,server_id,generation_time,completion_time,latency
4,4,0,0,5,5
3,3,1,0,9,9
7,8,1,0,9,9
1,1,3,0,18,18
5,5,3,0,18,18
8,9,3,0,18,18
9,6,3,1,18,17
11,3,4,10,19,9
12,8,4,11,19,8
0,0,2,0,23,23
2,2,2,0,23,23
6,7,2,0,23,23
10,4,3,6,23,17
14,5,1,19,28,9
15,9,1,19,28,9
16,3,3,20,28,8
13,1,2,19,29,10
18,8,0,21,33,12
19,0,0,24,33,9
23,3,1,29,35,6
17,6,4,20,41,21
20,2,4,24,41,17
21,4,4,24,41,17
22,7,4,24,41,17
28,8,0,34,45,11
29,3,0,36,45,9
27,0,4,34,47,13
24,5,3,30,49,19
25,9,3,30,49,19
26,1,3,31,49,18
32,6,1,43,50,7
30,2,0,42,52,10
37,1,1,50,56,6
36,0,2,48,58,10
39,9,2,50,58,8
40,6,2,51,64,13
44,9,0,60,65,5
34,7,4,46,67,21
35,8,4,46,67,21
38,5,4,50,67,17
31,4,3,42,70,28
33,3,3,46,70,24
41,2,3,53,70,17
46,9,0,66,71,5
42,1,4,58,72,14
48,5,4,69,78,9
47,8,0,68,82,14
51,3,0,71,82,11
52,9,2,72,84,12
54,4,2,73,84,11
57,8,0,83,88,5
43,0,3,60,88,28
45,6,3,65,88,23
49,7,3,70,88,18
50,2,3,71,88,17
56,3,1,83,89,6
55,5,2,81,90,9
59,9,4,86,92,6
58,4,1,86,95,9
65,7,2,90,95,5
64,3,0,90,97,7
62,8,4,89,101,12
63,2,4,90,101,11
53,1,3,73,107,34
60,0,3,89,107,18
61,6,3,89,107,18
71,8,2,104,109,5
70,3,4,98,109,11
72,2,0,107,112,5
66,5,3,91,113,22
67,9,1,94,114,20
68,4,1,96,114,18
69,7,1,96,114,18
73,6,4,108,114,6
81,7,0,115,120,5
78,2,3,114,120,6
80,6,1,115,122,7
79,5,4,114,123,9
82,9,4,115,123,8
83,4,3,119,126,7
74,0,2,109,128,19
75,1,2,109,128,19
76,3,2,110,128,18
77,8,2,111,128,17
87,9,3,124,131,7
84,2,4,121,133,12
88,5,4,125,133,8
90,0,3,129,140,11
93,1,3,130,140,10
85,7,1,122,141,19
92,8,1,129,141,12
96,5,4,136,141,5
86,6,2,123,147,24
89,4,2,127,147,20
91,3,2,129,147,18
97,0,3,141,151,10
95,2,1,134,152,18
98,1,1,141,152,11
99,5,4,142,152,10
101,8,4,143,152,9
94,9,2,132,156,24
100,7,2,142,156,14
109,8,0,153,158,5
108,5,1,153,158,5
103,0,4,152,161,9
105,1,4,153,161,8
107,3,2,153,162,9
116,3,0,163,171,8
102,6,3,149,171,22
104,4,3,152,171,19
106,2,3,153,171,18
110,7,1,157,178,21
111,9,1,158,178,20
113,8,1,160,178,18
112,5,4,159,180,21
114,0,4,162,180,18
115,1,4,162,180,18
119,4,2,172,181,9
120,6,2,173,181,8
117,2,3,172,184,12
118,3,3,172,184,12
123,9,4,179,185,6
124,1,1,181,190,9
127,6,1,182,190,8
128,0,3,183,194,11
121,7,0,179,198,19
122,8,0,179,198,19
125,5,0,181,198,17
132,1,2,191,198,7
126,4,4,182,203,21
129,2,4,186,203,17
130,3,4,186,203,17
135,1,0,199,204,5
139,3,0,204,209,5
134,6,1,196,209,13
136,5,1,199,209,10
137,7,3,199,209,10
138,8,3,199,209,10
141,1,2,207,213,6
131,9,4,187,213,26
133,0,4,195,213,18
148,0,0,214,219,5
150,9,1,214,219,5
144,5,2,210,222,12
146,7,2,211,222,11
142,2,4,207,222,15
143,3,4,210,222,12
140,4,3,206,228,22
145,6,3,211,228,17
147,8,3,211,228,17
156,7,1,223,229,6
152,0,0,221,232,11
154,3,0,223,232,9
158,6,2,229,234,5
153,2,4,223,234,11
155,5,4,223,234,11
149,1,3,214,237,23
151,9,3,220,237,17
164,5,0,235,240,5
157,4,1,229,249,20
159,8,1,229,249,20
160,7,1,230,249,19
166,9,4,240,251,11
167,5,4,241,251,10
161,3,2,233,253,20
162,0,2,234,253,19
163,2,2,235,253,18
165,6,2,235,253,18
170,7,1,250,257,7
172,5,2,252,259,7
168,1,4,249,260,11
169,4,4,250,260,10
171,8,0,251,261,10
173,9,0,252,261,9
174,3,1,254,266,12
176,6,1,255,266,11
183,8,3,263,269,6
182,9,4,262,269,7
175,0,0,255,270,15
178,7,1,260,271,11
185,3,1,268,280,12
177,2,2,257,280,23
179,1,2,261,280,19
180,4,2,262,280,18
181,5,2,262,280,18
186,8,0,270,281,11
187,9,0,270,281,11
184,6,4,267,281,14
189,7,4,272,281,9
195,6,4,282,288,6
188,0,2,271,289,18
191,2,2,281,289,8
194,5,0,281,290,9
197,8,0,282,290,8
193,4,1,281,291,10
196,7,1,282,291,9
200,6,0,290,297,7
199,2,1,290,300,10
203,8,1,291,300,9
190,1,3,281,300,19
192,3,3,281,300,19
198,9,3,282,300,18
201,0,4,291,300,9
205,7,4,292,300,8
202,5,2,291,303,12
204,4,2,292,303,11
215,5,0,304,310,6
207,1,3,301,310,9
211,0,3,302,310,8
206,6,4,299,310,11
212,3,4,302,310,8
209,7,1,301,313,12
214,4,1,304,313,9
208,2,2,301,322,21
210,9,2,301,322,21
213,8,2,302,322,20
220,3,3,313,325,12
223,2,1,323,329,6
218,0,4,312,331,19
219,6,4,312,331,19
221,4,4,314,331,17
224,9,3,323,332,9
226,3,0,327,333,6
231,9,0,333,339,6
216,1,2,311,340,29
217,5,2,311,340,29
222,7,2,314,340,26
227,2,1,330,341,11
229,4,1,332,341,9
228,0,3,332,343,11
230,6,3,332,343,11
240,6,3,344,352,8
236,2,4,342,360,18
237,4,4,342,360,18
238,9,4,342,360,18
239,0,4,344,366,22
245,0,1,367,372,5
225,8,2,324,375,51
232,3,2,334,375,41
233,1,2,341,375,34
234,5,2,341,375,34
235,7,2,341,375,34
246,0,0,373,379,6
242,2,3,361,379,18
243,4,3,362,379,17
244,9,3,362,379,17
253,3,3,380,385,5
251,0,1,380,386,6
247,1,0,376,388,12
249,5,0,377,388,11
258,1,0,389,394,5
241,6,2,353,394,41
248,8,2,376,394,18
250,7,2,377,394,17
252,2,4,380,398,18
254,4,4,380,398,18
255,9,4,380,398,18
257,0,3,387,399,12
259,5,3,389,399,10
260,1,1,395,401,6
256,3,2,386,404,18
261,6,2,395,404,9
266,5,0,400,407,7
262,7,4,395,408,13
264,4,4,399,408,9
263,8,3,395,409,14
267,9,3,400,409,9
270,3,0,406,412,6
265,0,2,400,415,15
268,2,2,401,415,14
269,1,4,403,415,12
277,8,1,413,418,5
273,4,3,410,418,8
275,9,0,410,421,11
276,3,0,413,421,8
278,0,4,416,421,5
279,2,0,416,433,17
281,4,0,419,433,14
285,9,3,423,434,11
271,5,2,409,435,26
272,6,2,409,435,26
274,7,2,410,435,25
282,8,4,419,440,21
283,0,4,422,440,18
284,3,4,422,440,18
288,9,1,435,442,7
291,7,3,436,442,6
287,4,0,435,443,8
294,7,4,443,448,5
280,1,2,419,454,35
286,2,2,434,454,20
289,5,2,436,454,18
290,6,2,436,454,18
298,7,3,449,454,5
292,8,1,442,461,19
293,3,1,443,461,18
297,9,1,444,461,17
295,0,2,444,463,19
296,4,2,444,463,19
302,6,1,456,466,10
300,5,3,455,466,11
301,1,3,456,466,10
299,2,0,455,467,12
303,7,0,456,467,11
304,9,4,462,469,7
306,0,2,464,470,6
307,4,3,464,475,11
308,3,3,466,475,9
314,0,2,472,477,5
305,8,1,463,478,15
312,5,1,468,478,10
310,1,3,468,480,12
316,3,2,476,482,6
320,5,3,481,486,5
319,8,2,479,487,8
309,6,4,467,489,22
311,2,4,468,489,21
313,7,4,468,489,21
315,9,4,472,489,17
325,2,3,490,495,5
322,3,4,483,498,15
323,5,4,487,498,11
317,4,0,476,502,26
318,0,0,478,502,24
321,1,0,482,502,20
330,3,1,499,504,5
324,8,2,488,508,20
326,6,2,490,508,18
327,9,2,490,508,18
334,1,1,504,510,6
335,3,0,505,511,6
336,6,4,510,515,5
328,7,2,495,517,22
329,2,2,496,517,21
337,1,1,511,518,7
331,5,3,502,521,19
332,0,3,503,521,18
333,4,3,503,521,18
343,7,1,518,523,5
344,1,4,519,524,5
346,4,0,522,531,9
347,5,0,522,531,9
349,7,1,526,533,7
351,4,0,533,540,7
352,7,1,534,540,6
338,8,2,511,540,29
340,3,2,512,540,28
345,0,2,522,540,18
339,9,3,511,541,30
341,6,3,516,541,25
342,2,3,518,541,23
354,3,1,541,546,5
355,4,4,541,546,5
356,7,0,541,551,10
358,2,0,542,551,9
359,6,2,542,553,11
360,9,2,542,553,11
362,4,0,547,556,9
348,1,3,525,559,34
350,5,3,532,559,27
353,0,3,541,559,18
357,8,3,541,559,18
363,2,1,552,561,9
364,7,1,552,561,9
368,0,4,560,569,9
371,1,0,562,571,9
369,5,2,560,571,11
372,2,2,562,571,9
374,0,0,570,577,7
376,2,2,572,577,5
361,3,3,547,578,31
365,9,3,555,578,23
367,4,3,557,578,21
366,6,1,556,579,23
370,8,1,560,579,19
373,7,1,562,579,17
375,1,1,572,585,13
377,5,2,574,597,23
380,3,2,579,597,18
382,9,2,579,597,18
381,4,3,579,597,18
384,7,3,580,597,17
385,8,3,580,597,17
378,2,4,578,597,19
379,0,4,579,597,18
383,6,4,580,597,17
388,2,2,598,603,5
389,3,3,598,604,6
394,8,0,598,605,7
386,1,4,586,606,20
387,0,4,598,606,8
396,2,3,604,610,6
398,8,2,606,611,5
400,1,3,607,615,8
397,3,0,605,618,13
399,0,0,607,618,11
402,8,4,613,619,6
401,2,2,613,625,12
403,1,2,616,625,9
404,0,3,619,629,10
405,3,4,619,630,11
390,4,1,598,633,35
391,5,1,598,633,35
392,6,1,598,633,35
393,7,1,598,633,35
395,9,1,598,633,35
413,6,4,634,641,7
406,8,1,622,642,20
411,4,1,634,642,8
410,2,3,633,643,10
408,0,0,630,651,21
409,3,0,632,651,19
415,9,0,634,651,17
407,1,2,626,651,25
412,5,2,634,651,17
414,7,2,634,651,17
416,6,0,642,657,15
420,1,1,652,661,9
422,5,1,652,661,9
421,3,2,652,661,9
425,0,2,653,661,8
423,7,3,652,661,9
424,9,3,652,661,9
417,8,4,643,663,20
418,2,4,645,663,18
419,4,4,645,663,18
426,0,1,662,667,5
427,3,2,662,671,9
431,9,2,662,671,9
430,7,0,662,674,12
434,4,0,664,674,10
429,6,4,662,674,12
432,1,4,663,674,11
436,0,1,670,677,7
442,7,1,675,682,7
437,3,2,672,683,11
438,9,2,672,683,11
428,5,3,662,683,21
433,2,3,664,683,19
435,8,3,664,683,19
448,8,2,684,690,6
444,2,1,684,693,9
446,5,1,684,693,9
447,7,3,684,693,9
449,9,3,685,693,8
439,1,4,675,693,18
440,4,4,675,693,18
441,6,4,675,693,18
450,8,2,691,696,5
455,7,2,694,701,7
457,4,1,696,705,9
458,8,1,697,705,8
460,4,2,706,711,5
443,0,4,678,711,33
445,3,4,684,711,27
452,2,4,694,711,17
456,9,4,694,711,17
451,1,3,694,712,18
453,5,3,694,712,18
454,6,3,694,712,18
461,8,1,706,713,7
465,4,3,712,717,5
467,1,2,713,722,9
470,8,2,714,722,8
472,1,2,723,728,5
473,8,0,723,730,7
459,7,4,702,730,28
462,0,4,712,730,18
463,2,4,712,730,18
464,3,4,712,730,18
466,9,1,712,732,20
468,6,1,713,732,19
469,5,1,714,732,18
471,4,4,718,740,22
476,3,4,731,740,9
478,1,3,732,741,9
481,8,3,733,741,8
475,2,1,731,743,12
477,7,1,731,743,12
484,4,0,741,747,6
479,5,4,733,749,16
483,3,4,741,749,8
488,2,1,746,751,5
489,4,0,748,753,5
474,0,2,731,753,22
480,6,2,733,753,20
482,9,2,733,753,20
486,8,3,743,753,10
485,1,4,742,755,13
491,2,4,752,760,8
487,7,2,744,765,21
496,6,2,755,765,10
499,2,4,761,770,9
493,0,1,754,772,18
494,4,1,754,772,18
495,8,1,754,772,18
490,3,3,750,772,22
492,5,3,752,772,20
497,9,3,755,772,17
501,7,0,766,776,10
502,2,2,772,779,7
503,0,4,773,779,6
498,1,1,756,782,26
500,6,1,766,782,16
505,8,3,773,782,9
506,3,3,774,782,8
509,7,4,777,786,9
512,3,1,783,789,6
515,1,3,785,790,5
504,4,0,773,794,21
507,5,0,774,794,20
508,9,0,774,794,20
516,7,4,789,794,5
517,3,3,791,796,5
510,0,0,782,801,19
511,2,2,782,801,19
513,6,2,783,801,18
514,8,2,783,801,18
520,9,3,795,805,10
523,4,3,797,805,8
521,5,4,796,805,9
529,5,0,806,812,6
527,2,4,804,814,10
530,9,4,806,814,8
518,1,2,792,819,27
519,7,2,795,819,24
522,3,2,797,819,22
531,5,0,814,820,6
532,2,4,815,821,6
535,3,0,820,825,5
524,0,3,802,825,23
525,6,3,802,825,23
526,8,3,802,825,23
528,4,2,806,830,24
533,9,2,815,830,15
543,4,0,831,838,7
544,9,2,831,840,9
536,5,4,821,841,20
537,7,4,821,841,20
538,2,4,822,841,19
534,1,3,820,843,23
539,0,3,826,843,17
540,3,3,826,843,17
542,8,3,826,843,17
545,4,2,839,845,6
551,3,1,844,850,6
553,0,2,845,850,5
549,1,3,844,853,9
552,8,3,844,853,9
550,2,0,844,858,14
554,4,0,846,858,12
557,1,2,854,859,5
541,6,4,826,859,33
546,9,4,841,859,18
547,5,4,842,859,17
548,7,4,842,859,17
562,5,1,860,870,10
563,7,1,860,870,10
555,0,3,851,871,20
556,3,3,851,871,20
558,8,3,854,871,17
559,2,4,859,878,19
561,1,4,860,878,18
565,6,4,861,878,17
570,8,1,873,879,6
566,5,2,871,881,10
572,6,0,879,885,6
567,7,4,871,886,15
571,2,2,879,888,9
560,4,3,859,892,33
564,9,3,860,892,32
568,0,3,872,892,20
569,3,3,872,892,20
577,7,2,887,895,8
579,0,1,893,900,7
580,3,4,893,900,7
582,9,2,894,903,9
583,7,0,896,904,8
584,3,4,901,906,5
586,9,0,904,909,5
587,7,1,905,912,7
588,3,4,907,913,6
573,8,3,880,927,47
574,1,3,881,927,46
575,5,3,882,927,45
576,6,3,887,927,40
578,2,3,889,927,38
581,4,3,893,927,34
593,2,1,928,934,6
595,5,0,928,937,9
596,6,0,928,937,9
598,2,2,935,940,5
599,5,1,938,943,5
601,2,2,941,947,6
600,6,4,939,949,10
602,5,2,944,953,9
603,2,1,949,959,10
604,6,1,950,959,9
585,0,3,902,962,60
589,9,3,910,962,52
590,7,3,913,962,49
591,3,3,914,962,48
592,1,3,928,962,34
594,4,3,928,962,34
597,8,3,928,962,34
605,5,4,954,963,9
607,6,2,961,966,5
608,0,1,963,970,7
616,6,2,967,975,8
617,0,4,971,978,7
609,1,0,963,981,18
611,4,0,963,981,18
612,7,0,963,981,18
606,2,3,960,981,21
610,3,3,963,981,18
613,8,3,963,981,18
614,9,3,963,981,18
620,1,1,982,987,5
618,6,3,976,990,14
623,4,3,982,990,8
621,2,2,982,991,9
625,7,2,983,991,8
627,1,1,988,993,5
629,2,4,992,998,6
