task_id,user_id,server_id,generation_time,completion_time,latency
12,12,1,0,5,5
1,1,0,0,18,18
9,9,0,0,18,18
10,10,0,0,18,18
2,2,2,0,18,18
3,3,2,0,18,18
8,8,2,0,18,18
14,14,2,0,18,18
0,0,3,0,18,18
5,5,3,0,18,18
7,7,3,0,18,18
11,11,3,0,18,18
4,4,4,0,18,18
6,6,4,0,18,18
13,13,4,0,18,18
15,12,4,11,27,16
28,13,4,19,27,8
16,0,1,19,28,9
17,1,1,19,28,9
19,3,2,19,28,9
27,11,2,19,28,9
33,11,2,29,34,5
24,8,0,19,37,18
25,9,0,19,37,18
29,14,0,19,37,18
36,11,1,37,42,5
39,14,2,38,43,5
30,0,4,29,47,18
31,1,4,29,47,18
32,3,4,29,47,18
35,13,4,29,47,18
41,14,1,44,49,5
40,11,2,44,49,5
44,3,2,48,54,6
18,2,3,19,54,35
20,4,3,19,54,35
21,5,3,19,54,35
22,6,3,19,54,35
23,7,3,19,54,35
26,10,3,19,54,35
34,12,0,29,55,26
37,8,0,38,55,17
38,9,0,38,55,17
42,0,4,48,57,9
43,1,4,48,57,9
47,14,0,52,64,12
55,9,0,56,64,8
52,6,4,55,66,11
57,8,4,58,66,8
45,13,3,48,72,24
46,11,3,52,72,20
54,10,3,55,72,17
59,0,0,65,74,9
60,9,0,65,74,9
61,14,4,65,76,11
62,6,4,68,76,8
64,10,2,73,78,5
65,11,3,73,78,5
66,13,0,73,79,6
63,8,4,69,81,12
68,0,2,77,83,6
69,14,0,77,84,7
67,9,3,75,87,12
70,6,3,79,87,8
72,8,4,82,87,5
71,10,2,80,89,9
48,2,1,55,90,35
49,3,1,55,90,35
50,4,1,55,90,35
51,5,1,55,90,35
53,7,1,55,90,35
56,12,1,56,90,34
79,9,2,88,94,6
75,0,0,85,95,10
76,14,0,86,95,9
84,12,4,91,96,5
80,2,2,91,103,12
82,4,2,91,103,12
85,10,0,94,104,10
87,0,0,96,104,8
73,11,3,82,105,23
74,13,3,82,105,23
78,8,3,88,105,17
89,9,4,100,105,5
58,1,1,59,108,49
77,6,1,88,108,20
81,3,1,91,108,17
83,7,1,91,108,17
88,12,0,97,109,12
92,4,2,104,109,5
100,6,0,109,114,5
86,5,3,95,114,19
97,13,3,106,114,8
94,0,2,106,118,12
101,7,2,109,118,9
102,4,0,111,123,12
104,12,0,111,123,12
103,9,3,111,123,12
105,5,3,115,123,8
91,2,4,104,123,19
93,10,4,105,123,18
95,8,4,106,123,17
96,11,4,106,123,17
90,14,1,103,126,23
98,1,1,109,126,17
99,3,1,109,126,17
108,0,2,119,128,9
109,7,2,119,128,9
114,9,3,124,129,5
107,6,0,116,132,16
111,4,0,124,132,8
106,13,4,115,132,17
116,11,4,124,132,8
110,2,1,124,135,11
113,8,1,124,135,11
120,3,3,129,138,9
123,14,3,130,138,8
118,1,1,128,140,12
128,2,0,136,141,5
129,8,1,138,145,7
112,5,2,124,146,22
115,10,2,124,146,22
117,12,2,124,146,22
119,0,2,129,146,17
131,14,0,139,150,11
132,1,0,142,150,8
133,2,1,142,150,8
136,5,3,147,156,9
137,10,3,147,156,9
142,5,1,157,162,5
122,9,2,130,164,34
130,3,2,139,164,25
138,12,2,147,164,17
139,1,3,151,165,14
141,2,3,154,165,11
143,10,1,159,167,8
121,7,4,130,167,37
124,4,4,133,167,34
125,6,4,133,167,34
126,11,4,133,167,34
127,13,4,133,167,34
134,8,0,146,168,22
135,0,0,147,168,21
140,14,0,151,168,17
145,3,3,165,170,5
154,13,3,168,175,7
156,0,1,170,179,9
157,8,1,170,179,9
144,5,4,164,185,21
149,1,4,168,185,17
153,11,4,168,185,17
146,9,0,165,186,21
147,12,0,165,186,21
148,2,0,167,186,19
151,6,0,168,186,18
150,4,2,168,186,18
152,10,2,168,186,18
155,7,2,169,186,17
162,0,3,181,186,5
159,3,1,174,188,14
161,8,1,180,188,8
166,2,1,187,193,6
160,13,2,176,195,19
164,11,2,186,195,9
176,13,1,196,201,5
158,14,0,170,204,34
163,1,0,186,204,18
171,9,0,187,204,17
169,6,3,187,205,18
170,7,3,187,205,18
172,10,3,187,205,18
173,12,3,187,205,18
165,0,4,187,205,18
167,4,4,187,205,18
168,5,4,187,205,18
188,10,1,206,211,5
178,13,3,204,214,10
179,1,3,205,214,9
184,4,2,206,215,9
187,7,2,206,215,9
192,13,1,215,220,5
190,10,2,213,220,7
174,8,0,193,222,29
177,11,0,201,222,21
181,9,0,205,222,17
194,4,3,217,222,5
195,10,2,221,226,5
196,13,1,222,231,9
197,4,1,223,231,8
201,10,2,227,232,5
202,4,1,232,237,5
203,13,2,232,238,6
204,10,3,234,239,5
175,3,4,194,240,46
180,2,4,205,240,35
182,14,4,205,240,35
183,0,4,206,240,34
185,5,4,206,240,34
186,6,4,206,240,34
205,4,1,238,243,5
206,13,3,239,244,5
210,3,2,241,246,5
211,5,4,241,246,5
214,4,4,244,251,7
215,5,1,249,254,5
189,12,0,206,257,51
191,1,0,215,257,42
193,7,0,216,257,41
198,8,0,223,257,34
199,9,0,223,257,34
200,11,0,223,257,34
218,4,2,253,258,5
216,3,4,251,260,9
217,13,4,251,260,9
207,10,0,240,262,22
208,0,3,241,262,21
209,2,3,241,262,21
212,6,3,241,262,21
213,14,3,241,262,21
225,12,2,258,263,5
219,5,1,256,266,10
220,1,1,258,266,8
229,3,2,263,268,5
221,7,4,258,269,11
223,9,4,258,269,11
233,14,1,263,271,8
230,6,0,263,272,9
231,10,0,263,272,9
236,3,4,269,274,5
238,12,2,271,276,5
241,10,4,273,279,6
234,1,1,268,280,12
237,9,1,271,280,9
235,5,0,268,281,13
239,6,0,273,281,8
240,7,2,273,285,12
243,14,2,277,285,8
246,1,1,281,286,5
245,10,4,280,286,6
242,12,0,277,290,13
247,6,0,282,290,8
248,5,1,283,291,8
249,7,4,286,291,5
254,6,1,291,296,5
222,8,3,258,297,39
224,11,3,258,297,39
226,4,3,262,297,35
227,0,3,263,297,34
228,2,3,263,297,34
232,13,3,263,297,34
256,5,0,292,301,9
257,7,0,293,301,8
262,8,1,298,303,5
244,3,2,279,304,25
250,9,2,286,304,18
251,14,2,287,304,17
265,7,0,302,307,5
269,14,1,305,310,5
253,1,3,291,315,24
260,4,3,298,315,17
261,6,3,298,315,17
264,13,3,298,315,17
271,8,1,309,316,7
258,0,4,298,316,18
259,2,4,298,316,18
263,11,4,298,316,18
267,5,0,305,317,12
270,7,0,308,317,9
273,1,1,316,321,5
252,10,2,289,322,33
255,12,2,291,322,31
266,3,2,305,322,17
268,9,2,305,322,17
272,14,3,312,324,12
275,6,3,316,324,8
282,1,0,323,332,9
284,5,0,323,332,9
277,0,3,317,333,16
287,12,3,323,333,10
276,13,4,316,334,18
278,2,4,317,334,17
279,8,4,317,334,17
291,5,0,333,338,5
290,1,3,333,338,5
289,14,4,326,339,13
280,7,1,318,340,22
283,3,1,323,340,17
286,10,1,323,340,17
274,4,2,316,340,24
281,11,2,318,340,22
285,9,2,323,340,17
294,12,0,335,343,8
296,13,4,339,344,5
293,2,3,335,348,13
295,8,3,339,348,9
288,6,2,325,349,24
301,9,2,341,349,8
300,7,3,341,353,12
307,13,4,348,353,5
310,9,2,350,355,5
297,1,0,341,361,20
303,11,0,341,361,20
305,4,0,344,361,17
312,7,2,354,364,10
314,9,2,356,364,8
306,12,0,346,366,20
315,1,3,362,371,9
317,11,3,362,371,9
308,2,4,350,371,21
309,8,4,350,371,21
311,6,4,353,371,18
313,13,4,354,371,17
292,0,1,335,375,40
298,3,1,341,375,34
299,5,1,341,375,34
302,10,1,341,375,34
304,14,1,341,375,34
318,9,2,365,375,10
320,12,2,367,375,8
319,7,4,366,376,10
325,11,0,372,378,6
328,3,0,376,387,11
334,7,0,379,387,8
321,1,3,372,390,18
322,2,3,372,390,18
323,6,3,372,390,18
316,4,1,362,393,31
324,8,1,372,393,21
326,13,1,372,393,21
331,10,2,376,394,18
332,12,2,376,394,18
333,14,2,376,394,18
327,0,4,376,394,18
329,5,4,376,394,18
330,9,4,376,394,18
337,3,0,390,395,5
335,11,3,384,408,24
338,1,3,391,408,17
339,2,3,391,408,17
340,6,2,391,412,21
348,12,2,395,412,17
349,14,2,395,412,17
336,7,4,388,412,24
343,4,4,395,412,17
346,9,4,395,412,17
351,1,0,409,414,5
353,11,2,409,417,8
350,3,3,397,417,20
352,2,3,409,417,8
358,12,0,413,419,6
359,14,3,413,427,14
362,3,3,418,427,9
360,1,0,417,428,11
361,2,0,418,428,10
341,13,1,394,429,35
342,0,1,395,429,34
344,5,1,395,429,34
345,8,1,395,429,34
347,10,1,395,429,34
354,4,4,413,431,18
355,6,4,413,431,18
356,7,4,413,431,18
357,9,4,413,431,18
364,12,3,421,432,11
368,3,0,429,434,5
365,14,2,428,437,9
366,1,2,429,437,8
363,11,4,418,440,22
376,7,4,432,440,8
378,12,0,436,441,5
381,1,4,439,445,6
382,12,0,442,447,5
369,0,1,430,448,18
371,8,1,430,448,18
373,13,1,430,448,18
367,2,3,429,450,21
372,10,3,430,450,20
375,6,3,432,450,18
377,9,3,432,450,18
384,1,4,446,451,5
374,4,1,432,453,21
370,5,2,430,455,25
379,3,2,438,455,17
380,14,2,438,455,17
387,11,4,449,456,7
394,4,2,454,460,6
391,9,1,451,462,11
392,10,1,451,462,11
395,6,4,455,465,10
396,14,4,457,465,8
385,0,0,449,467,18
388,12,0,449,467,18
389,13,0,449,467,18
399,5,2,463,468,5
383,7,3,444,468,24
386,8,3,449,468,19
390,2,3,451,468,17
403,14,4,466,471,5
410,12,3,469,478,9
411,13,3,469,478,9
397,3,1,460,480,20
398,11,1,460,480,20
400,10,1,463,480,17
407,5,4,469,480,11
409,8,4,469,480,11
393,1,0,454,485,31
402,4,0,466,485,19
404,6,0,467,485,18
405,0,2,469,487,18
406,2,2,469,487,18
408,7,2,469,487,18
419,11,3,482,487,5
412,14,4,474,489,15
415,5,4,481,489,8
416,8,0,481,490,9
418,12,2,481,492,11
425,7,0,488,495,7
401,9,1,464,498,34
413,13,1,479,498,19
414,3,1,481,498,17
417,10,1,481,498,17
429,14,2,493,498,5
424,2,4,488,498,10
427,5,4,490,498,8
428,12,0,493,500,7
436,10,2,499,505,6
431,7,4,496,507,11
434,5,4,499,507,8
432,2,0,499,509,10
433,3,0,499,509,10
439,12,2,505,511,6
441,5,0,508,514,6
430,8,1,495,516,21
435,9,1,499,516,17
437,13,1,499,516,17
438,14,1,499,516,17
440,10,4,506,516,10
442,7,4,508,516,8
444,3,0,512,519,7
450,10,2,517,522,5
420,1,3,486,522,36
421,4,3,486,522,36
422,6,3,486,522,36
423,0,3,488,522,34
426,11,3,488,522,34
453,3,0,521,526,5
457,6,2,523,528,5
443,2,1,512,534,22
445,12,1,512,534,22
451,13,1,517,534,17
446,5,4,516,534,18
447,7,4,517,534,17
449,9,4,517,534,17
458,10,0,523,535,12
460,3,0,527,535,8
465,9,2,535,540,5
462,2,0,535,544,9
463,5,0,535,544,9
464,7,1,535,544,9
468,3,1,536,544,8
471,3,2,545,550,5
461,6,4,531,552,21
466,12,4,535,552,17
467,13,4,535,552,17
470,10,0,541,553,12
473,7,0,545,553,8
469,9,1,541,553,12
472,5,1,545,553,8
448,8,3,517,557,40
452,14,3,517,557,40
454,0,3,523,557,34
455,1,3,523,557,34
456,4,3,523,557,34
459,11,3,523,557,34
476,6,0,553,558,5
481,5,2,555,560,5
477,12,4,553,562,9
480,9,4,554,562,8
484,1,2,558,565,7
479,7,3,554,566,12
486,8,3,558,566,8
483,0,0,558,567,9
488,14,0,558,567,9
474,2,1,547,571,24
475,3,1,551,571,20
478,13,1,553,571,18
491,9,3,565,571,6
489,5,0,563,576,13
492,12,0,565,576,11
493,1,2,567,577,10
494,7,2,567,577,10
482,10,4,555,580,25
485,4,4,558,580,22
487,11,4,558,580,22
490,6,4,563,580,17
499,9,0,572,581,9
503,1,3,578,587,9
504,7,3,578,587,9
495,8,1,567,589,22
496,0,1,569,589,20
500,13,1,572,589,17
512,7,0,588,593,5
510,9,1,584,594,10
508,10,3,581,596,15
511,1,3,588,596,8
506,4,4,581,599,18
507,6,4,581,599,18
509,11,4,581,599,18
517,9,1,595,600,5
513,0,0,590,602,12
515,13,0,590,602,12
518,1,1,597,605,8
525,13,0,603,608,5
497,2,2,572,612,40
498,3,2,572,612,40
501,14,2,572,612,40
502,5,2,577,612,35
505,12,2,578,612,34
523,0,1,603,614,11
524,6,1,603,614,11
514,8,3,590,614,24
516,7,3,594,614,20
519,10,3,597,614,17
530,5,0,613,618,5
520,4,4,600,618,18
521,11,4,600,618,18
522,9,4,601,618,17
540,9,4,619,625,6
526,1,2,606,630,24
528,2,2,613,630,17
532,14,2,613,630,17
529,3,1,613,632,19
531,12,1,613,632,19
536,8,1,615,632,17
527,13,3,610,632,22
533,0,3,615,632,17
534,6,3,615,632,17
537,10,3,615,632,17
544,2,4,631,636,5
535,7,0,615,637,22
538,4,0,619,637,18
539,5,0,619,637,18
541,11,0,619,637,18
543,1,0,631,642,11
546,0,2,633,642,9
552,13,2,633,642,9
557,0,2,643,649,6
542,9,1,627,650,23
545,14,1,631,650,19
549,8,1,633,650,17
547,3,3,633,651,18
548,6,3,633,651,18
550,10,3,633,651,18
551,12,3,633,651,18
558,2,0,643,652,9
559,13,0,643,652,9
553,4,4,638,656,18
555,7,4,638,656,18
556,11,4,638,656,18
567,10,2,652,657,5
565,3,3,652,657,5
554,5,1,638,659,21
560,0,1,651,659,8
571,11,1,657,664,7
569,2,2,655,666,11
573,4,2,658,666,8
574,3,3,659,668,9
575,10,3,659,668,9
561,1,0,651,670,19
563,9,0,651,670,19
564,14,0,651,670,19
566,6,0,652,670,18
577,5,1,666,671,5
580,3,2,669,674,5
581,4,3,669,674,5
562,8,4,651,674,23
568,12,4,652,674,22
570,7,4,657,674,17
579,2,1,669,680,11
583,9,1,671,680,9
572,13,0,657,688,31
576,0,0,661,688,27
582,10,0,669,688,19
594,9,1,683,688,5
584,1,2,672,692,20
585,6,2,673,692,19
588,3,2,675,692,17
586,14,3,673,692,19
587,5,3,674,692,18
589,4,3,675,692,17
578,11,4,666,692,26
591,8,4,675,692,17
592,12,4,675,692,17
590,7,0,675,697,22
593,2,0,682,697,15
598,13,4,689,701,12
601,4,4,693,701,8
606,12,0,693,702,9
595,0,3,689,710,21
602,5,3,693,710,17
604,8,3,693,710,17
610,4,0,702,711,9
611,13,0,702,711,9
599,1,1,693,711,18
603,6,1,693,711,18
605,11,1,693,711,18
607,14,1,693,711,18
596,9,2,689,711,22
597,10,2,689,711,22
600,3,2,693,711,18
619,8,4,712,717,5
622,11,1,712,721,9
624,14,1,712,721,9
625,8,1,719,726,7
608,7,3,698,728,30
609,2,3,699,728,29
613,0,3,711,728,17
616,4,0,712,730,18
620,9,0,712,730,18
621,10,0,712,730,18
626,11,4,723,732,9
627,14,4,723,732,9
629,0,1,729,738,9
630,2,1,729,738,9
635,11,1,733,743,10
637,2,4,739,744,5
618,6,3,712,746,34
628,8,3,727,746,19
631,7,3,729,746,17
612,12,2,708,747,39
614,1,2,712,747,35
615,3,2,712,747,35
617,5,2,712,747,35
623,13,2,712,747,35
638,0,1,740,748,8
632,4,0,731,749,18
633,9,0,731,749,18
634,10,0,731,749,18
644,3,2,748,755,7
636,14,0,733,758,25
649,4,0,750,758,8
639,2,1,745,758,13
640,11,1,745,758,13
651,0,2,752,760,8
641,7,4,747,765,18
642,8,4,747,765,18
647,13,4,748,765,17
643,1,3,748,766,18
645,5,3,748,766,18
646,12,3,748,766,18
648,6,3,749,766,17
654,2,0,759,768,9
656,11,0,759,768,9
659,7,3,766,775,9
661,5,3,767,775,8
663,8,2,767,776,9
665,13,2,767,776,9
652,9,1,756,777,21
655,4,1,759,777,18
657,14,1,759,777,18
673,9,1,778,783,5
650,10,4,750,784,34
653,3,4,757,784,27
660,1,4,767,784,17
664,12,4,767,784,17
668,5,2,776,785,9
671,13,2,777,785,8
669,7,3,776,785,9
670,8,3,777,785,8
658,0,0,761,786,25
662,6,0,767,786,19
666,2,0,769,786,17
678,12,2,785,790,5
672,4,4,778,793,15
676,3,4,785,793,8
679,5,1,786,795,9
683,13,1,786,795,9
684,0,4,788,798,10
674,14,3,778,803,25
675,1,3,785,803,18
677,10,3,785,803,18
681,8,3,786,803,17
667,11,0,771,804,33
680,7,0,786,804,18
682,9,0,786,804,18
688,4,2,795,805,10
690,13,2,796,805,9
692,0,4,800,805,5
689,12,0,795,809,14
693,1,3,804,813,9
696,14,3,804,813,9
699,7,0,806,814,8
685,6,1,788,814,26
686,2,1,792,814,22
687,3,1,795,814,19
695,10,2,804,814,10
702,13,2,806,814,8
701,11,3,806,818,12
691,5,1,799,823,24
711,14,1,815,823,8
703,12,2,814,823,9
710,13,2,815,823,8
694,8,4,804,823,19
697,0,4,806,823,17
698,4,4,806,823,17
700,9,4,806,823,17
718,12,2,824,829,5
712,11,4,820,832,12
715,5,4,824,832,8
706,3,0,815,833,18
707,6,0,815,833,18
708,7,0,815,833,18
704,1,3,815,836,21
705,2,3,815,836,21
709,10,3,815,836,21
721,12,4,831,837,6
722,5,2,833,838,5
727,2,2,837,843,6
729,1,4,838,843,5
730,5,2,843,848,5
732,2,4,845,850,5
714,4,0,824,851,27
723,3,0,834,851,17
725,7,0,834,851,17
724,6,3,834,854,20
726,11,3,834,854,20
728,10,3,837,854,17
734,5,4,849,855,6
735,2,2,851,856,5
713,0,1,824,859,35
716,8,1,824,859,35
717,9,1,824,859,35
719,13,1,824,859,35
720,14,1,824,859,35
738,6,4,855,860,5
745,8,4,860,866,6
748,13,2,861,867,6
731,1,0,845,869,24
733,12,0,845,869,24
736,3,0,852,869,17
749,6,4,865,871,6
739,7,3,855,873,18
740,10,3,855,873,18
741,11,3,855,873,18
742,5,3,856,873,17
752,1,0,870,875,5
755,6,4,872,877,5
751,13,2,869,878,9
753,12,2,870,878,8
756,5,3,874,883,9
758,10,3,874,883,9
761,6,4,878,883,5
760,1,2,878,887,9
762,12,2,879,887,8
754,3,0,872,893,21
757,7,0,874,893,19
759,11,0,874,893,19
765,6,3,884,893,9
766,10,3,884,893,9
737,4,1,852,894,42
743,2,1,859,894,35
744,0,1,860,894,34
746,9,1,860,894,34
747,14,1,860,894,34
763,13,2,883,896,13
764,5,2,884,896,12
767,12,0,888,902,14
768,1,0,894,902,8
750,8,1,868,912,44
771,7,1,894,912,18
775,9,1,895,912,17
769,3,4,894,912,18
770,6,4,894,912,18
772,10,4,894,912,18
773,11,4,894,912,18
774,0,3,895,913,18
776,14,3,895,913,18
778,4,3,896,913,17
790,0,3,914,919,5
777,2,0,896,920,24
779,5,0,899,920,21
781,12,0,903,920,17
783,3,2,913,922,9
787,9,2,913,922,9
791,14,0,914,929,15
794,2,0,921,929,8
780,1,1,903,930,27
782,13,1,907,930,23
784,6,1,913,930,17
788,10,1,913,930,17
793,0,3,921,930,9
795,5,3,921,930,9
785,7,4,913,931,18
786,8,4,913,931,18
789,11,4,913,931,18
792,4,1,915,935,20
803,6,0,931,936,5
809,11,0,934,941,7
806,0,1,932,941,9
798,2,2,930,948,18
799,3,2,930,948,18
802,5,2,931,948,17
804,10,2,931,948,17
797,9,3,926,949,23
801,1,3,931,949,18
805,13,3,931,949,18
796,12,4,921,949,28
800,14,4,930,949,19
807,8,4,932,949,17
810,6,0,938,950,12
812,4,0,942,950,8
811,0,2,942,953,11
825,4,2,954,959,5
815,5,1,949,967,18
816,10,1,949,967,18
819,8,1,950,967,17
808,7,3,934,967,33
814,3,3,949,967,18
822,13,3,950,967,17
813,11,4,946,967,21
820,9,4,950,967,17
821,12,4,950,967,17
817,1,0,950,968,18
818,2,0,950,968,18
823,14,0,950,968,18
834,11,1,968,973,5
837,1,0,969,974,5
824,6,4,953,976,23
828,3,4,968,976,8
830,7,2,968,977,9
835,12,2,968,977,9
841,3,4,977,982,5
839,2,0,974,983,9
840,1,0,975,983,8
838,14,2,970,986,16
842,6,2,977,986,9
843,7,4,979,987,8
845,12,2,979,991,12
849,14,1,987,992,5
848,2,4,987,996,9
850,6,4,988,996,8
852,7,2,993,998,5
