task_id,user_id,server_id,generation_time,completion_time,latency
3,4,3,0,5,5
0,0,1,0,7,7
2,3,0,0,9,9
7,9,0,0,9,9
11,0,4,9,14,5
10,4,1,6,18,12
12,3,1,10,18,8
14,0,4,16,22,6
15,3,0,19,30,11
16,4,0,19,30,11
1,1,2,0,35,35
4,6,2,0,35,35
5,7,2,0,35,35
6,8,2,0,35,35
8,2,2,1,35,34
9,5,2,1,35,34
17,0,0,24,36,12
18,3,1,31,36,5
19,4,4,31,36,5
24,7,1,36,54,18
25,8,1,36,54,18
26,0,1,37,54,17
13,9,2,10,54,44
21,2,2,36,54,18
27,3,2,37,54,17
20,1,3,36,54,18
22,5,3,36,54,18
23,6,3,36,54,18
28,4,3,37,54,17
35,6,1,55,60,5
31,2,4,55,61,6
30,1,0,55,64,9
38,9,0,55,64,9
32,3,2,55,64,9
33,4,2,55,64,9
40,2,1,62,67,5
39,6,4,61,67,6
44,9,2,65,70,5
43,4,0,65,71,6
29,0,3,55,74,19
34,5,3,55,74,19
36,7,3,55,74,19
37,8,3,55,74,19
46,6,2,68,75,7
41,1,4,65,77,12
45,2,4,68,77,9
47,9,0,71,78,7
49,0,1,75,82,7
42,3,3,65,85,20
51,7,3,75,85,10
56,2,4,81,89,8
48,4,2,72,93,21
50,5,2,75,93,18
52,8,2,75,93,18
59,7,4,87,95,8
53,6,0,76,97,21
54,1,0,80,97,17
55,9,0,80,97,17
57,0,1,83,97,14
58,3,1,87,97,10
60,2,2,92,104,12
62,4,2,95,104,9
63,7,3,96,106,10
67,6,3,98,106,8
70,2,3,105,111,6
73,7,1,107,113,6
61,5,0,94,115,21
64,0,0,98,115,17
65,1,0,98,115,17
68,8,0,98,115,17
66,3,2,98,122,24
69,9,2,98,122,24
71,4,2,105,122,17
76,1,1,116,124,8
72,6,0,107,125,18
75,0,4,116,125,9
74,2,3,113,126,13
77,5,3,116,126,10
80,4,1,124,129,5
78,7,2,116,131,15
79,8,2,116,131,15
85,6,0,126,135,9
87,5,2,128,136,8
86,2,1,127,137,10
82,3,4,125,137,12
84,0,4,126,137,11
90,8,4,132,142,10
94,2,2,138,143,5
95,3,1,138,145,7
81,1,3,125,147,22
83,9,3,125,147,22
88,4,3,130,147,17
96,8,4,143,148,5
100,4,2,148,154,6
91,6,0,136,155,19
92,5,0,137,155,18
93,0,0,138,155,17
99,1,1,148,155,7
101,9,4,148,156,8
103,4,2,155,166,11
106,5,2,156,166,10
89,7,3,132,167,35
98,3,3,146,167,21
102,8,3,149,167,18
97,2,0,144,169,25
105,1,0,156,169,13
110,5,0,167,174,7
104,0,4,156,174,18
107,6,4,156,174,18
108,9,4,157,174,17
113,8,3,169,180,11
114,1,3,170,180,10
116,0,2,175,184,9
117,5,2,175,184,9
109,4,1,167,185,18
111,3,1,168,185,17
112,7,1,168,185,17
118,6,3,175,190,15
120,1,3,181,190,9
123,5,2,185,194,9
125,4,2,186,194,8
119,9,4,175,202,27
121,8,4,181,202,21
122,0,4,185,202,17
129,4,0,195,203,8
127,1,2,191,204,13
128,6,2,193,204,11
115,2,1,170,207,37
124,3,1,186,207,21
126,7,1,186,207,21
132,8,4,203,209,6
140,8,4,210,216,6
130,5,3,195,221,26
133,9,3,203,221,18
134,4,3,204,221,17
138,3,0,208,222,14
139,7,0,208,222,14
131,0,1,203,225,22
135,1,1,205,225,20
137,2,1,208,225,17
136,6,3,205,226,21
141,8,0,217,229,12
146,3,2,225,231,6
142,4,4,222,231,9
144,9,4,222,231,9
143,5,1,222,236,14
148,1,1,226,236,10
147,0,4,226,236,10
154,9,0,232,237,5
145,7,3,224,238,14
149,2,3,226,238,12
150,6,2,228,239,11
160,7,2,239,245,6
157,9,0,238,247,9
158,0,0,239,247,8
162,7,2,246,251,5
163,0,0,248,255,7
152,3,3,232,256,24
153,4,3,232,256,24
159,2,3,239,256,17
151,8,1,231,258,27
155,1,1,237,258,21
156,5,1,238,258,20
161,6,1,240,258,18
166,0,4,256,262,6
164,9,1,249,263,14
165,7,3,252,270,18
172,6,3,260,270,10
167,2,0,257,275,18
168,3,0,257,275,18
169,4,0,257,275,18
177,7,2,271,276,5
175,9,3,269,276,7
171,1,4,260,280,20
173,8,4,261,280,19
174,0,4,263,280,17
179,3,3,276,284,8
178,2,2,276,285,9
182,9,2,277,285,8
176,6,4,271,289,18
180,4,4,277,289,12
186,3,1,285,292,7
188,9,3,287,292,5
184,1,2,281,294,13
189,4,3,290,298,8
192,9,4,293,298,5
170,5,0,259,299,40
181,7,0,277,299,22
183,0,0,281,299,18
185,8,0,281,299,18
190,6,1,291,299,8
193,1,3,295,303,8
194,4,4,299,304,5
198,6,2,300,310,10
199,7,2,300,310,10
201,1,4,304,310,6
202,4,1,305,316,11
196,0,3,300,316,16
197,5,3,300,316,16
187,2,0,286,317,31
191,3,0,293,317,24
195,9,0,299,317,18
200,8,0,300,317,17
206,0,0,317,326,9
210,8,0,318,326,8
211,9,3,318,326,8
212,2,4,322,327,5
209,5,1,318,328,10
203,1,2,311,330,19
204,7,2,311,330,19
205,6,2,312,330,18
214,9,0,327,332,5
219,6,3,331,336,5
217,5,0,329,338,9
213,0,1,327,338,11
216,8,1,328,338,10
207,3,2,318,339,21
208,4,2,318,339,21
215,2,4,328,342,14
223,5,0,339,344,5
221,6,3,337,346,9
222,9,3,337,346,9
218,1,1,331,350,19
220,7,1,331,350,19
229,5,2,345,351,6
224,8,4,339,351,12
226,4,4,340,351,11
231,9,0,348,353,5
225,0,3,340,355,15
227,3,3,342,355,13
232,7,1,351,356,5
235,5,2,352,357,5
233,1,0,352,362,10
237,9,0,354,362,8
234,4,3,352,363,11
238,0,1,356,366,10
239,3,1,357,366,9
240,5,2,358,369,11
241,7,2,358,369,11
228,2,4,344,370,26
230,6,4,347,370,23
236,8,4,353,370,17
242,1,3,363,374,11
243,9,3,363,374,11
251,8,0,371,376,5
245,0,3,367,379,12
244,4,2,365,380,15
248,7,2,370,380,10
254,8,0,377,382,5
252,1,2,375,385,10
255,0,3,380,386,6
258,8,0,383,388,5
246,3,4,368,388,20
247,5,4,370,388,18
249,2,4,371,388,17
260,0,2,387,396,9
250,6,1,371,399,28
253,9,1,376,399,23
256,4,1,381,399,18
257,7,1,381,399,18
264,8,0,389,400,11
265,0,4,397,402,5
261,2,1,389,406,17
266,4,0,400,407,7
259,1,3,386,407,21
262,3,3,389,407,18
263,5,3,389,407,18
270,8,4,401,407,6
269,9,2,400,411,11
271,0,2,403,411,8
272,2,1,407,412,5
279,9,4,412,417,5
273,3,0,408,419,11
275,5,0,408,419,11
276,8,2,408,420,12
277,1,2,409,420,11
267,6,3,400,426,26
268,7,3,400,426,26
274,4,3,408,426,18
278,0,0,412,428,16
280,2,0,414,428,14
284,5,2,421,431,10
285,8,2,421,431,10
290,2,0,429,434,5
288,4,2,428,437,9
281,9,3,419,438,19
283,1,3,421,438,17
289,0,1,429,441,12
291,5,1,432,441,9
292,8,0,432,443,11
293,2,0,435,443,8
282,3,4,420,444,24
286,6,4,427,444,17
287,7,4,427,444,17
300,8,3,444,449,5
294,4,1,438,450,12
295,1,1,439,450,11
301,3,0,445,451,6
296,9,4,440,453,13
297,0,4,442,453,11
304,4,0,451,462,11
306,3,0,452,462,10
298,5,2,442,462,20
299,2,2,444,462,18
302,6,2,445,462,17
309,9,3,454,462,8
303,7,4,450,462,12
307,8,4,452,462,10
308,0,1,454,465,11
315,9,0,463,468,5
314,7,4,463,474,11
318,8,4,466,474,8
317,0,1,466,480,14
319,9,1,469,480,11
320,7,0,476,481,5
305,1,2,452,481,29
311,3,2,463,481,18
313,6,2,463,481,18
310,2,3,463,481,18
312,4,3,463,481,18
316,5,3,464,481,17
327,4,4,482,487,5
325,2,2,482,491,9
330,7,2,482,491,9
333,7,2,492,498,6
321,8,3,476,499,23
326,3,3,482,499,17
328,5,3,482,499,17
322,0,0,481,500,19
323,9,0,481,500,19
324,1,0,482,500,18
329,6,0,482,500,18
336,8,2,500,505,5
334,7,0,499,509,10
335,3,0,500,509,9
337,0,1,501,510,9
341,9,1,502,510,8
342,8,1,506,519,13
345,0,1,511,519,8
344,7,0,510,520,10
346,9,0,511,520,9
347,0,1,520,525,5
349,7,2,521,526,5
351,0,0,526,535,9
352,7,0,527,535,8
331,4,3,488,535,47
332,2,3,492,535,43
338,1,3,501,535,34
339,5,3,501,535,34
340,6,3,501,535,34
348,8,4,520,535,15
350,9,4,521,535,14
353,0,1,536,544,8
354,1,2,536,544,8
355,2,0,536,546,10
356,4,0,536,546,10
365,4,0,547,553,6
363,1,4,545,556,11
364,2,4,547,556,9
366,4,0,554,560,6
368,2,0,557,565,8
369,4,1,561,567,6
343,3,3,510,570,60
357,5,3,536,570,34
358,6,3,536,570,34
359,7,3,536,570,34
360,8,3,536,570,34
361,9,3,536,570,34
373,5,0,571,576,5
370,2,1,566,576,10
371,4,1,568,576,8
362,0,3,545,581,36
367,1,3,557,581,24
378,2,4,577,584,7
372,3,1,571,585,14
375,7,1,571,585,14
379,4,0,577,586,9
374,6,2,571,589,18
376,8,2,571,589,18
377,9,2,572,589,17
380,5,3,577,599,22
381,0,3,582,599,17
382,1,3,582,599,17
388,8,1,590,602,12
383,2,0,586,605,19
385,7,0,586,605,19
386,4,0,588,605,17
391,1,4,600,606,6
390,0,1,600,607,7
392,5,2,600,609,9
384,3,3,586,609,23
389,9,3,590,609,19
399,3,1,610,615,5
401,9,3,610,616,6
396,1,4,607,616,9
398,0,4,608,616,8
387,6,0,590,623,33
393,8,0,603,623,20
394,2,0,606,623,17
395,7,0,606,623,17
403,0,1,617,624,7
397,4,0,607,633,26
404,1,0,617,633,16
406,2,3,624,633,9
409,8,3,624,633,9
400,5,4,610,634,24
402,3,4,616,634,18
405,9,4,617,634,17
407,6,1,624,643,19
408,7,1,624,643,19
410,0,1,625,643,18
411,1,2,634,643,9
416,5,2,635,643,8
415,3,4,635,643,8
412,2,0,634,644,10
417,9,0,635,644,9
419,6,2,644,649,5
420,7,0,644,654,10
423,2,0,645,654,9
428,7,0,655,661,6
413,4,1,634,662,28
414,8,1,634,662,28
418,5,1,644,662,18
421,0,3,645,663,18
422,1,3,645,663,18
424,3,3,645,663,18
425,9,3,645,663,18
429,7,4,662,667,5
433,1,0,664,670,6
432,0,1,664,673,9
436,9,1,664,673,9
431,8,2,663,673,10
435,5,2,664,673,9
441,8,0,674,679,5
440,5,1,674,681,7
426,6,3,650,681,31
427,2,3,655,681,26
430,4,3,663,681,18
434,3,3,664,681,17
437,7,2,668,682,14
438,1,4,671,683,12
442,9,4,674,683,9
444,2,2,682,687,5
450,1,4,684,693,9
451,9,2,684,695,11
439,0,3,674,699,25
445,4,3,682,699,17
447,6,3,682,699,17
454,9,0,696,701,5
443,8,1,680,703,23
446,5,1,682,703,21
448,3,1,683,703,20
449,7,1,683,703,20
453,1,4,694,703,9
457,4,2,702,711,9
458,9,2,702,711,9
455,0,3,700,715,15
459,1,3,704,715,11
456,6,4,701,715,14
461,5,4,704,715,11
464,4,0,712,717,5
460,3,2,704,719,15
452,2,1,688,722,34
462,7,1,704,722,18
463,8,1,704,722,18
467,1,4,717,722,5
470,6,0,718,723,5
465,9,1,713,727,14
475,8,2,723,733,10
476,6,2,724,733,9
477,9,0,729,735,6
466,0,3,717,736,19
468,5,3,717,736,19
469,4,3,718,736,18
471,3,4,720,741,21
472,1,4,723,741,18
473,2,4,723,741,18
479,8,1,734,742,8
478,6,2,734,742,8
486,3,1,742,750,8
481,4,4,737,750,13
484,1,4,742,750,8
474,7,3,723,755,32
482,5,3,737,755,18
483,9,3,737,755,18
490,1,4,752,757,5
489,3,2,751,759,8
480,0,0,737,760,23
487,6,0,743,760,17
488,8,0,743,760,17
491,4,1,752,760,8
495,7,1,758,767,9
485,2,3,742,767,25
492,9,3,757,767,10
493,1,2,758,769,11
494,5,2,758,769,11
503,9,0,769,775,6
496,0,3,761,776,15
501,2,3,768,776,8
502,7,2,768,778,10
504,1,2,770,778,8
497,3,4,761,779,18
498,4,4,761,779,18
499,6,4,761,779,18
500,8,4,761,779,18
506,9,1,776,781,5
505,5,3,770,781,11
512,8,0,780,787,7
507,0,2,777,787,10
510,7,2,779,787,8
508,2,4,777,787,10
511,3,3,780,790,10
516,9,3,782,790,8
517,0,0,788,798,10
509,1,1,779,799,20
514,4,1,782,799,17
515,5,1,782,799,17
513,6,2,781,805,24
518,2,2,788,805,17
520,8,2,788,805,17
526,5,3,801,806,5
523,0,4,799,809,10
525,4,4,800,809,9
524,1,2,800,814,14
527,2,2,806,814,8
528,6,0,806,815,9
529,5,0,807,815,8
519,7,1,788,817,29
521,3,1,792,817,25
522,9,1,792,817,25
531,0,0,811,821,10
534,2,2,815,821,6
530,8,1,807,824,17
532,4,3,811,824,13
533,1,3,815,824,9
535,5,4,816,825,9
536,6,4,816,825,9
539,9,0,820,826,6
541,2,1,822,830,8
544,8,2,825,833,8
540,0,4,822,834,12
543,4,4,825,834,9
548,2,1,831,836,5
549,8,4,834,839,5
550,0,1,835,854,19
551,4,1,835,854,19
552,2,1,837,854,17
554,0,0,855,860,5
537,3,3,818,861,43
538,7,3,820,861,41
542,1,3,825,861,36
545,5,3,826,861,35
546,6,3,826,861,35
547,9,3,827,861,34
555,2,2,855,862,7
556,4,4,855,862,7
557,0,1,861,870,9
558,1,1,862,870,8
564,2,2,863,873,10
565,4,2,863,873,10
566,0,0,871,878,7
568,2,1,874,879,5
553,8,3,840,880,40
560,5,3,862,880,18
561,6,3,862,880,18
559,3,4,862,880,18
562,7,4,862,880,18
563,9,4,862,880,18
567,1,2,871,884,13
569,4,2,874,884,10
578,1,1,885,892,7
570,0,2,879,896,17
576,7,2,882,896,14
571,2,3,880,899,19
572,3,3,881,899,18
573,6,3,881,899,18
574,8,3,881,899,18
575,5,4,882,902,20
577,9,4,882,902,20
579,4,4,885,902,17
581,0,3,897,904,7
584,3,0,900,905,5
585,6,2,900,905,5
580,1,1,893,908,15
583,2,1,900,908,8
593,2,0,909,914,5
591,3,3,906,916,10
592,6,3,907,916,9
582,7,4,897,920,23
586,8,4,900,920,20
587,4,4,903,920,17
588,9,2,904,924,20
589,0,2,905,924,19
590,5,2,905,924,19
594,1,4,910,925,15
598,4,0,921,927,6
600,8,2,921,934,13
603,9,2,925,934,9
595,2,3,915,934,19
596,3,3,917,934,17
597,6,3,917,934,17
602,5,0,925,936,11
605,4,0,928,936,8
601,0,1,925,936,11
604,1,1,926,936,10
608,6,2,935,940,5
610,9,0,936,941,5
609,8,1,935,943,8
613,4,2,937,945,8
606,2,4,935,946,11
611,0,4,937,946,9
614,5,0,938,947,9
616,9,1,942,948,6
620,4,2,947,952,5
619,2,0,947,954,7
622,9,1,949,954,5
599,7,3,921,954,33
607,3,3,935,954,19
612,1,3,937,954,17
615,6,4,941,955,14
617,8,4,944,955,11
626,3,1,955,960,5
630,8,2,956,961,5
632,8,0,962,967,5
618,0,3,947,973,26
621,5,3,948,973,25
628,9,3,955,973,18
631,3,3,961,982,21
636,9,3,974,982,8
634,0,1,974,983,9
635,5,1,974,983,9
637,3,3,983,988,5
623,4,4,953,990,37
624,1,4,955,990,35
625,2,4,955,990,35
627,7,4,955,990,35
629,6,4,956,990,34
640,5,0,984,991,7
638,9,2,983,994,11
639,0,2,984,994,10
633,8,4,968,995,27
