task_id,user_id,server_id,generation_time,completion_time,latency
5,5,0,0,5,5
0,0,1,0,5,5
16,5,1,6,11,5
15,0,2,6,11,5
18,5,1,12,17,5
17,0,2,12,17,5
19,0,0,18,23,5
20,5,2,18,23,5
21,0,0,24,29,5
22,5,2,24,29,5
24,5,1,30,35,5
23,0,2,30,35,5
2,2,3,0,35,35
4,4,3,0,35,35
6,6,3,0,35,35
8,8,3,0,35,35
9,9,3,0,35,35
10,10,3,0,35,35
11,11,3,0,35,35
1,1,4,0,35,35
3,3,4,0,35,35
7,7,4,0,35,35
12,12,4,0,35,35
13,13,4,0,35,35
14,14,4,0,35,35
28,3,4,36,41,5
38,13,2,36,45,9
39,14,2,36,45,9
25,0,0,36,54,18
26,1,0,36,54,18
27,2,0,36,54,18
33,8,1,36,54,18
34,9,1,36,54,18
36,11,1,36,54,18
40,3,4,45,54,9
41,14,4,46,54,8
42,13,0,47,63,16
46,3,0,55,63,8
29,4,3,36,71,35
30,5,3,36,71,35
31,6,3,36,71,35
32,7,3,36,71,35
35,10,3,36,71,35
37,12,3,36,71,35
43,0,1,55,73,18
49,11,1,55,73,18
50,14,1,55,73,18
44,1,2,55,73,18
45,2,2,55,73,18
47,8,2,55,73,18
48,9,2,55,73,18
51,3,4,64,73,9
52,13,4,64,73,9
60,1,2,74,79,5
56,7,0,72,81,9
57,10,0,72,81,9
63,8,4,74,83,9
67,14,4,74,83,9
68,1,2,81,87,6
64,9,0,74,90,16
66,13,0,74,90,16
53,4,3,72,90,18
54,5,3,72,90,18
55,6,3,72,90,18
58,12,3,72,90,18
59,0,1,74,92,18
61,2,1,74,92,18
62,3,1,74,92,18
65,11,1,74,92,18
69,7,4,84,93,9
70,8,4,84,93,9
77,9,3,91,96,5
72,14,2,84,97,13
73,1,2,89,97,8
83,3,4,94,99,5
82,11,3,93,101,8
78,12,2,91,102,11
71,10,0,84,108,24
75,5,0,91,108,17
76,6,0,91,108,17
79,13,0,91,108,17
74,4,1,91,110,19
80,0,1,93,110,17
81,2,1,93,110,17
91,11,2,107,112,5
96,0,3,112,117,5
85,7,4,97,117,20
86,14,4,98,117,19
87,1,4,100,117,17
100,1,3,118,124,6
89,9,0,101,126,25
90,12,0,103,126,23
93,6,0,109,126,17
99,11,4,114,126,12
102,14,4,118,126,8
84,8,1,95,128,33
88,3,1,101,128,27
95,13,1,110,128,18
92,5,2,109,130,21
94,10,2,109,130,21
97,2,2,112,130,18
98,4,2,113,130,17
107,11,4,127,132,5
101,7,1,118,133,15
108,12,0,127,136,9
109,14,0,127,136,9
105,6,3,127,136,9
106,9,3,127,136,9
103,0,2,121,139,18
104,1,2,127,139,12
115,3,0,132,141,9
112,4,4,131,141,10
113,5,4,131,141,10
126,4,0,142,147,5
122,1,2,140,150,10
123,12,2,140,150,10
111,2,1,131,151,20
114,13,1,131,151,20
116,7,1,134,151,17
128,4,0,149,154,5
110,8,3,129,154,25
117,10,3,135,154,19
118,6,3,137,154,17
120,14,3,137,154,17
133,13,1,152,157,5
130,12,0,151,163,12
137,10,0,155,163,8
139,13,0,158,168,10
129,1,2,151,169,18
131,2,2,152,169,17
132,7,2,152,169,17
140,12,1,164,170,6
135,6,3,155,173,18
136,8,3,155,173,18
138,14,3,155,173,18
134,4,2,155,174,19
143,2,0,170,175,5
145,13,1,170,175,5
119,9,4,137,176,39
121,11,4,138,176,38
124,0,4,142,176,34
125,3,4,142,176,34
127,5,4,142,176,34
149,4,1,175,180,5
142,1,4,170,181,11
146,6,0,174,184,10
147,12,0,174,184,10
151,8,2,176,185,9
152,0,2,177,185,8
158,1,4,182,187,5
156,4,0,181,189,8
141,10,3,168,191,23
144,7,3,170,191,21
148,14,3,174,191,17
162,8,0,187,194,7
159,6,4,185,197,12
161,12,4,185,197,12
154,9,1,177,198,21
155,13,1,177,198,21
157,5,1,181,198,17
166,7,0,192,203,11
168,8,0,195,203,8
169,6,2,198,207,9
171,14,2,198,207,9
174,13,0,200,208,8
179,6,0,211,216,5
160,11,1,185,217,32
172,5,1,199,217,18
173,9,1,200,217,17
175,8,2,204,226,22
176,7,2,207,226,19
177,14,2,208,226,18
178,13,2,209,226,17
150,2,3,176,226,50
153,3,3,177,226,49
163,0,3,190,226,36
164,1,3,192,226,34
165,4,3,192,226,34
167,10,3,192,226,34
180,6,4,217,226,9
181,5,4,218,226,8
182,9,0,218,227,9
183,11,0,218,227,9
184,0,0,227,233,6
189,5,4,227,233,6
186,2,2,227,236,9
192,8,2,227,236,9
197,0,0,234,239,5
198,9,4,234,239,5
196,11,2,232,241,9
185,1,1,227,245,18
187,3,1,227,245,18
188,4,1,227,245,18
195,14,1,227,245,18
199,2,0,237,248,11
200,5,0,237,248,11
201,8,2,238,250,12
202,0,2,242,250,8
207,4,1,246,251,5
203,9,4,242,251,9
204,11,4,242,251,9
208,14,4,246,256,10
205,1,0,246,257,11
206,3,0,246,257,11
209,5,2,249,259,10
210,0,2,251,259,8
211,2,1,251,260,9
212,8,1,251,260,9
170,12,3,198,261,63
190,6,3,227,261,34
191,7,3,227,261,34
193,10,3,227,261,34
194,13,3,227,261,34
217,3,0,258,263,5
214,11,4,253,265,12
215,14,4,257,265,8
223,12,3,262,267,5
213,9,2,253,268,15
216,1,2,258,268,10
218,4,1,258,269,11
221,5,1,261,269,8
228,13,3,266,272,6
234,4,1,272,277,5
232,12,3,269,279,10
219,0,4,261,283,22
224,6,4,263,283,20
225,7,4,263,283,20
238,12,3,280,285,5
220,2,2,261,286,25
222,8,2,261,286,25
226,10,2,263,286,23
227,3,2,264,286,22
229,1,0,269,287,18
230,9,0,269,287,18
231,11,0,269,287,18
233,14,0,269,287,18
240,7,3,285,290,5
237,4,2,280,295,15
239,6,2,285,295,10
249,14,4,290,295,5
250,7,2,295,300,5
251,4,4,296,301,5
235,5,0,274,305,31
236,13,0,276,305,29
242,2,0,287,305,18
241,0,1,287,305,18
244,8,1,287,305,18
246,12,1,287,305,18
243,3,3,287,308,21
245,10,3,287,308,21
247,1,3,289,308,19
263,1,2,309,314,5
260,12,4,306,315,9
261,13,4,306,315,9
267,12,2,316,321,5
252,6,0,296,323,27
257,4,0,306,323,17
258,5,0,306,323,17
259,8,0,306,323,17
248,11,1,290,323,33
253,9,1,296,323,27
254,14,1,296,323,27
264,3,4,309,324,15
265,10,4,312,324,12
255,7,3,305,326,21
256,2,3,306,326,20
262,0,3,308,326,18
268,13,2,321,330,9
269,12,2,322,330,8
272,6,0,324,333,9
276,3,0,325,333,8
281,14,4,329,334,5
271,5,2,324,339,15
280,7,2,329,339,10
282,13,4,333,340,7
266,1,1,315,341,26
274,9,1,324,341,17
275,11,1,324,341,17
270,4,3,324,345,21
273,8,3,324,345,21
277,0,3,327,345,18
279,10,3,327,345,18
288,7,4,340,345,5
286,3,2,338,348,10
287,5,2,340,348,8
291,13,4,345,350,5
278,2,0,327,351,24
283,6,0,334,351,17
284,12,0,334,351,17
293,1,3,346,352,6
296,10,2,346,357,11
298,5,2,349,357,8
301,1,4,353,362,9
302,3,4,353,362,9
292,0,1,346,364,18
294,7,1,346,364,18
295,8,1,346,364,18
297,4,3,349,370,21
303,12,3,353,370,17
304,13,3,353,370,17
309,0,2,365,374,9
310,8,2,365,374,9
312,4,4,371,376,5
316,8,4,375,381,6
306,5,1,361,382,21
307,1,1,363,382,19
308,3,1,363,382,19
285,14,0,337,386,49
289,11,0,342,386,44
290,9,0,344,386,42
299,2,0,352,386,34
300,6,0,352,386,34
305,10,3,358,388,30
311,7,3,369,388,19
313,12,3,371,388,17
321,8,2,385,390,5
315,0,0,375,391,16
318,1,4,383,392,9
320,5,4,383,392,9
322,2,2,387,395,8
327,10,0,390,400,10
328,12,0,390,400,10
314,13,1,371,400,29
317,4,1,377,400,23
319,3,1,383,400,17
329,0,2,393,400,7
331,7,4,393,402,9
332,8,4,393,402,9
337,4,2,401,406,5
323,6,3,387,406,19
324,9,3,387,406,19
326,14,3,387,406,19
330,5,0,393,409,16
334,1,0,399,409,10
335,0,4,401,411,10
338,10,4,401,411,10
344,6,2,407,412,5
325,11,1,387,418,31
333,2,1,397,418,21
339,12,1,401,418,17
342,8,1,405,423,18
336,3,3,401,424,23
340,13,3,401,424,23
345,9,3,407,424,17
352,2,2,419,425,6
341,7,0,404,427,23
343,4,0,407,427,20
346,14,0,407,427,20
350,6,3,415,429,14
347,1,4,411,429,18
348,0,4,412,429,17
349,5,4,412,429,17
356,3,1,426,431,5
353,8,2,424,434,10
354,12,2,424,434,10
366,6,4,430,435,5
362,0,1,430,440,10
363,1,1,430,440,10
358,4,2,428,443,15
365,5,2,430,443,13
351,10,0,415,445,30
355,11,0,425,445,20
359,7,0,428,445,17
367,3,4,433,445,12
370,8,4,436,445,9
357,9,3,427,447,20
360,13,3,428,447,19
361,14,3,428,447,19
364,2,3,430,447,17
368,12,1,435,449,14
371,0,1,441,449,8
369,6,0,436,454,18
372,1,0,444,454,10
374,5,4,444,454,10
376,8,4,446,454,8
377,11,3,446,457,11
381,10,3,448,457,9
389,8,3,457,462,5
384,12,4,451,463,12
388,6,4,455,463,8
378,2,2,448,466,18
380,9,2,448,466,18
383,14,2,448,466,18
373,4,1,444,467,23
375,7,1,446,467,21
379,3,1,448,467,19
391,11,4,458,468,10
382,13,0,448,472,24
385,0,0,453,472,19
386,1,0,455,472,17
387,5,0,455,472,17
395,6,1,467,472,5
404,5,4,473,482,9
405,6,4,473,482,9
392,8,2,463,484,21
393,12,2,465,484,19
394,2,2,467,484,17
396,9,2,467,484,17
398,3,3,468,486,18
399,4,3,468,486,18
400,7,3,468,486,18
401,11,3,469,486,17
390,10,0,458,490,32
397,14,0,467,490,23
406,13,0,473,490,17
416,12,1,487,492,5
407,5,4,483,492,9
408,6,4,483,492,9
403,1,2,473,493,20
409,2,2,485,493,8
419,14,4,492,497,5
412,3,0,487,499,12
415,11,0,487,499,12
421,5,1,494,499,5
414,7,2,487,502,15
418,13,2,492,502,10
425,14,1,498,504,6
402,0,3,473,504,31
410,8,3,485,504,19
411,9,3,485,504,19
413,4,3,487,504,17
426,3,4,501,508,7
434,9,3,508,513,5
432,5,4,505,513,8
417,10,0,492,517,25
420,6,0,493,517,24
423,2,0,498,517,19
424,12,0,498,517,19
436,3,4,512,518,6
422,1,2,498,520,22
428,7,2,503,520,17
429,13,2,503,520,17
430,0,1,505,523,18
431,4,1,505,523,18
433,8,1,506,523,17
441,3,3,519,524,5
442,6,4,519,528,9
443,10,4,519,528,9
444,1,2,521,530,9
446,7,2,522,530,8
438,9,1,514,532,18
445,13,1,521,532,11
450,3,4,528,533,5
455,3,1,534,539,5
453,6,2,531,540,9
454,7,2,531,540,9
447,0,3,524,542,18
448,4,3,525,542,17
449,8,3,525,542,17
457,13,1,538,544,6
459,7,4,541,546,5
460,0,2,543,548,5
427,11,0,501,552,51
435,14,0,511,552,41
437,5,0,514,552,38
439,2,0,518,552,34
440,12,0,518,552,34
462,8,1,543,553,10
463,6,1,545,553,8
464,13,4,547,557,10
466,7,4,549,557,8
468,5,2,553,558,5
451,10,3,529,560,31
452,1,3,531,560,29
456,9,3,534,560,26
461,4,3,543,560,17
458,3,0,540,561,21
469,11,0,553,561,8
467,2,4,553,562,9
472,8,2,557,563,6
465,0,1,549,571,22
470,12,1,553,571,18
471,14,1,553,571,18
485,12,2,572,578,6
473,5,0,559,579,20
474,7,0,559,579,20
479,9,0,561,579,18
476,1,3,561,579,18
477,4,3,561,579,18
480,10,3,561,579,18
482,2,1,565,580,15
484,8,1,571,580,9
475,13,4,559,580,21
478,6,4,561,580,19
481,3,4,563,580,17
487,14,2,576,587,11
488,12,2,579,587,8
486,0,1,576,589,13
492,7,1,580,589,9
496,3,0,581,590,9
499,13,0,581,590,9
502,0,0,590,595,5
495,2,4,581,599,18
497,6,4,581,599,18
498,8,4,581,599,18
504,3,0,592,604,12
505,0,0,596,604,8
507,2,4,600,605,5
500,12,1,588,607,19
501,14,1,589,607,18
503,7,1,590,607,17
510,0,2,605,610,5
508,6,0,600,613,13
509,8,0,600,613,13
483,11,3,569,614,45
489,1,3,580,614,34
490,4,3,580,614,34
491,5,3,580,614,34
493,9,3,580,614,34
494,10,3,580,614,34
506,13,1,598,616,18
511,2,1,606,616,10
513,7,4,608,617,9
514,14,4,608,617,9
512,3,0,606,622,16
515,0,0,612,622,10
520,6,2,615,624,9
523,10,2,615,624,9
518,4,1,615,625,10
521,8,1,615,625,10
531,6,0,625,630,5
529,3,1,623,630,7
516,12,3,612,632,20
517,1,3,615,632,17
522,9,3,615,632,17
524,11,3,615,632,17
519,5,4,615,635,20
527,13,4,618,635,17
528,14,4,618,635,17
535,4,0,631,636,5
534,3,1,631,640,9
536,6,1,631,640,9
541,14,0,636,641,5
538,9,2,633,642,9
539,11,2,633,642,9
545,3,0,642,647,5
525,2,3,618,650,32
526,7,3,618,650,32
530,0,3,625,650,25
548,11,0,645,652,7
532,10,4,625,653,28
533,8,4,628,653,25
540,5,4,636,653,17
543,13,3,638,655,17
550,0,2,651,656,5
537,1,1,633,658,25
542,4,1,637,658,21
544,6,1,641,658,17
557,10,0,655,660,5
559,13,2,658,663,5
554,11,3,653,664,11
555,5,3,655,664,9
558,0,0,658,665,7
561,4,2,660,668,8
564,10,0,665,670,5
546,12,4,642,671,29
549,9,4,647,671,24
551,7,4,651,671,20
553,3,4,653,671,18
566,13,2,665,673,8
568,4,0,670,675,5
547,14,1,642,676,34
552,2,1,653,676,23
556,8,1,655,676,21
567,0,4,670,676,6
570,9,2,672,678,6
560,1,3,660,682,22
562,6,3,660,682,22
563,5,3,665,682,17
569,3,0,672,684,12
573,7,0,676,684,8
574,12,2,676,687,11
577,14,2,677,687,10
580,9,0,680,693,13
583,6,0,685,693,8
565,11,1,665,694,29
571,10,1,673,694,21
572,13,1,675,694,19
575,2,1,677,694,17
582,3,3,685,695,10
585,1,3,687,695,8
581,5,2,683,696,13
584,7,2,685,696,11
576,8,4,677,696,19
578,4,4,678,696,18
579,0,4,679,696,17
586,14,0,690,702,12
588,9,0,694,702,8
596,3,2,697,702,5
600,7,0,701,707,6
603,14,0,704,712,8
587,6,1,694,712,18
590,10,1,695,712,17
592,12,1,695,712,17
601,3,2,704,713,9
602,9,2,704,713,9
589,2,3,695,713,18
591,11,3,695,713,18
593,13,3,695,713,18
607,12,1,713,718,5
610,3,3,714,723,9
612,11,3,714,723,9
604,7,0,709,730,21
605,6,0,713,730,17
608,14,0,713,730,17
606,10,2,713,731,18
611,9,2,714,731,17
613,13,2,714,731,17
594,0,4,697,732,35
595,1,4,697,732,35
597,4,4,697,732,35
598,5,4,697,732,35
599,8,4,697,732,35
624,1,2,733,738,5
621,10,1,732,741,9
622,13,1,732,741,9
614,3,3,724,742,18
615,11,3,724,742,18
616,12,3,724,742,18
628,1,2,741,746,5
609,2,0,714,748,34
617,6,0,731,748,17
618,7,0,731,748,17
619,14,0,731,748,17
629,13,1,742,748,6
631,10,2,743,752,9
633,1,4,749,758,9
638,13,4,749,758,9
623,0,3,733,760,27
625,4,3,733,760,27
626,5,3,733,760,27
643,0,2,761,766,5
644,4,3,761,766,5
634,2,1,749,767,18
635,6,1,749,767,18
636,7,1,749,767,18
640,10,4,753,767,14
641,13,4,759,767,8
648,2,2,768,773,5
649,6,3,768,773,5
653,6,2,774,779,5
620,9,0,732,783,51
627,8,0,733,783,50
630,3,0,743,783,40
632,11,0,743,783,40
637,12,0,749,783,34
639,14,0,749,783,34
647,4,1,767,785,18
650,7,1,768,785,17
652,13,1,768,785,17
645,5,4,761,785,24
646,0,4,767,785,18
651,10,4,768,785,17
655,6,2,780,786,6
662,0,4,786,791,5
642,1,0,760,792,32
660,12,0,784,792,8
654,2,1,775,794,19
657,8,1,784,794,10
656,3,3,784,802,18
658,9,3,784,802,18
661,14,3,784,802,18
672,10,4,797,802,5
667,7,1,788,803,15
670,2,1,795,803,8
659,11,2,784,804,20
663,4,2,786,804,18
665,13,2,786,804,18
677,14,1,803,808,5
664,5,0,786,810,24
668,0,0,793,810,17
669,12,0,793,810,17
673,1,3,803,812,9
674,3,3,803,812,9
675,9,4,803,812,9
676,10,4,803,812,9
681,13,1,805,817,12
682,11,1,809,817,8
684,0,0,811,821,10
687,3,0,813,821,8
685,12,3,811,821,10
688,5,3,813,821,8
666,6,2,788,822,34
671,8,2,795,822,27
678,2,2,805,822,17
683,14,2,809,827,18
691,13,1,818,828,10
692,11,1,820,828,8
695,12,3,822,828,6
690,9,0,818,830,12
693,0,0,822,830,8
679,4,4,805,830,25
680,7,4,805,830,25
686,1,4,813,830,17
689,10,4,813,830,17
700,11,2,829,838,9
702,13,2,829,838,9
707,7,2,831,843,12
698,6,0,823,848,25
704,0,0,831,848,17
705,1,0,831,848,17
710,11,3,839,848,9
711,13,3,840,848,8
696,2,4,823,848,25
706,4,4,831,848,17
708,9,4,831,848,17
709,10,4,831,848,17
712,7,2,844,849,5
713,0,2,849,858,9
717,6,2,849,858,9
722,7,0,854,859,5
694,5,1,822,863,41
697,3,1,823,863,40
699,8,1,829,863,34
701,12,1,829,863,34
703,14,1,829,863,34
714,1,3,849,867,18
716,4,3,849,867,18
718,9,3,849,867,18
715,2,4,849,867,18
719,10,4,849,867,18
720,11,4,849,867,18
721,13,4,849,867,18
723,0,1,859,868,9
724,6,2,859,868,9
725,7,2,860,868,8
728,8,0,864,873,9
729,12,0,864,873,9
732,4,1,868,873,5
733,9,4,868,873,5
738,0,4,870,882,12
741,8,4,874,882,8
726,3,3,864,885,21
727,5,3,864,885,21
734,10,3,868,885,17
735,11,3,868,885,17
730,14,2,864,886,22
731,2,2,868,886,18
736,13,2,868,886,18
737,1,2,869,886,17
745,0,1,883,888,5
739,7,0,870,891,21
740,4,0,874,891,17
742,9,0,874,891,17
743,12,0,874,891,17
747,3,1,886,893,7
749,11,4,886,895,9
753,13,4,887,895,8
746,8,2,883,896,13
750,1,2,887,896,9
758,4,1,894,900,6
754,0,4,890,900,10
744,6,3,879,904,25
748,10,3,886,904,18
752,5,3,887,904,17
763,13,1,897,905,8
762,11,4,897,906,9
751,2,0,887,909,22
755,7,0,892,909,17
757,12,0,892,909,17
756,9,3,892,909,17
759,14,2,896,914,18
760,1,2,897,914,17
761,8,2,897,914,17
768,10,1,907,916,9
770,13,1,907,916,9
778,12,1,917,922,5
764,4,0,901,927,26
766,0,0,905,927,22
774,9,0,910,927,17
769,11,4,907,927,20
771,2,4,910,927,17
773,7,4,910,927,17
765,3,2,902,932,30
767,5,2,905,932,27
772,6,2,910,932,22
785,7,1,928,933,5
775,1,3,915,933,18
776,8,3,915,933,18
777,14,3,915,933,18
789,6,1,933,942,9
794,14,1,934,942,8
780,12,4,923,945,22
781,13,4,923,945,22
784,4,4,928,945,17
795,6,2,944,949,5
798,13,1,946,951,5
796,14,4,944,954,10
797,4,4,946,954,8
799,12,2,949,955,6
800,6,1,954,960,6
779,10,0,920,962,42
782,0,0,928,962,34
783,2,0,928,962,34
786,9,0,928,962,34
787,11,0,928,962,34
801,13,2,954,964,10
802,4,2,956,964,8
788,3,3,933,969,36
790,1,3,934,969,35
791,5,3,934,969,35
792,7,3,934,969,35
793,8,3,934,969,35
803,14,1,957,970,13
805,12,1,961,970,9
812,4,0,966,971,5
814,3,1,970,975,5
817,8,4,970,979,9
818,14,4,971,979,8
813,1,0,970,980,10
815,5,0,970,980,10
804,6,2,961,982,21
809,10,2,963,982,19
810,11,2,963,982,19
811,13,2,965,982,17
806,0,3,963,987,24
807,2,3,963,987,24
808,9,3,963,987,24
816,7,3,970,987,17
821,3,0,977,989,12
824,1,0,981,989,8
825,5,1,982,991,9
826,11,1,983,991,8
827,13,2,983,992,9
828,10,2,984,992,8
836,5,1,992,997,5
837,11,2,992,997,5
819,4,4,974,997,23
822,8,4,980,997,17
823,14,4,980,997,17
834,1,0,990,999,9
835,3,0,990,999,9
