task_id,user_id,server_id,generation_time,completion_time,latency
3,3,1,0,10,10
9,8,1,1,10,9
2,2,0,0,11,11
6,7,0,0,11,11
13,7,2,12,18,6
11,2,1,12,22,10
12,3,1,12,22,10
10,8,3,11,22,11
17,8,2,24,29,5
14,7,1,19,30,11
15,2,0,23,32,9
16,3,0,23,32,9
0,0,4,0,35,35
1,1,4,0,35,35
4,5,4,0,35,35
5,6,4,0,35,35
7,9,4,0,35,35
8,4,4,1,35,34
20,2,0,33,38,5
18,8,3,30,38,8
19,7,1,31,42,11
21,3,1,33,42,9
24,4,4,36,42,6
25,5,3,36,43,7
28,2,0,39,44,5
22,0,1,36,47,11
34,7,3,47,53,6
23,1,2,36,54,18
26,6,2,36,54,18
27,9,2,36,54,18
33,2,1,46,55,9
29,8,4,41,61,20
30,4,4,43,61,18
31,3,4,44,61,17
32,5,4,44,61,17
36,7,0,54,64,10
37,1,0,55,64,9
42,4,3,62,69,7
45,1,0,65,75,10
46,7,0,65,75,10
35,0,4,48,79,31
38,9,4,55,79,24
41,3,4,62,79,17
44,8,4,62,79,17
48,7,1,76,81,5
39,2,2,56,82,26
40,6,2,56,82,26
43,5,2,62,82,20
49,1,3,77,83,6
47,4,4,70,86,16
56,5,0,83,89,6
58,1,2,84,89,5
57,6,4,83,93,10
61,5,1,90,95,5
60,1,2,90,96,6
62,6,0,94,99,5
64,1,4,97,103,6
63,5,0,96,104,8
65,6,4,100,108,8
66,1,1,104,110,6
68,6,0,109,114,5
67,5,2,105,118,13
50,0,3,80,118,38
51,3,3,80,118,38
52,8,3,80,118,38
53,9,3,80,118,38
54,7,3,82,118,36
55,2,3,83,118,35
69,1,0,111,119,8
70,6,1,115,122,7
59,4,3,87,123,36
71,0,2,119,126,7
73,3,0,119,137,18
75,7,0,119,137,18
77,9,0,119,137,18
74,5,1,119,141,22
76,8,1,119,141,22
78,1,1,120,141,21
72,2,4,119,141,22
79,6,4,123,141,18
80,4,4,124,141,17
85,2,0,142,147,5
87,5,3,142,147,5
81,0,4,127,147,20
82,3,2,138,149,11
84,9,2,138,149,11
93,5,4,148,153,5
95,3,3,151,156,5
88,8,2,142,158,16
94,9,2,150,158,8
83,7,1,138,160,22
86,4,1,142,160,18
89,6,1,143,160,17
90,1,0,147,166,19
91,0,0,148,166,18
92,2,0,148,166,18
101,4,3,162,167,5
98,8,4,159,168,9
99,9,4,159,168,9
96,5,1,154,170,16
100,7,1,161,170,9
97,3,0,157,175,18
105,2,0,167,175,8
107,8,1,169,175,6
109,5,2,171,176,5
102,6,4,162,180,18
108,9,4,169,180,11
103,0,3,167,185,18
104,1,3,167,185,18
106,4,3,168,185,17
112,3,2,176,186,10
114,5,2,178,186,8
115,6,1,181,187,6
110,7,0,171,193,22
111,2,0,176,193,17
113,8,0,176,193,17
122,6,2,188,193,5
121,5,4,187,194,7
117,0,1,186,196,10
119,4,1,186,196,10
116,9,3,183,196,13
120,3,3,187,196,9
118,1,0,186,198,12
125,7,2,194,204,10
127,8,2,195,204,9
124,6,1,194,205,11
126,5,1,195,205,10
128,0,4,197,206,9
123,2,3,194,208,14
131,9,3,198,208,10
129,3,2,197,215,18
133,7,2,205,215,10
138,2,3,211,217,6
140,3,0,216,221,5
141,7,3,216,222,6
130,4,1,198,223,25
132,1,1,199,223,24
135,5,1,206,223,17
134,8,4,205,224,19
136,6,4,206,224,18
137,0,4,207,224,17
146,5,4,224,233,9
149,8,4,225,233,8
145,4,0,224,234,10
148,6,0,225,234,9
139,9,1,211,235,24
144,1,1,224,235,11
142,2,2,218,241,23
143,3,2,223,241,18
147,7,2,224,241,17
150,0,4,226,242,16
151,5,4,234,242,8
152,8,0,235,245,10
156,4,0,237,245,8
153,6,1,236,245,9
154,9,1,236,245,9
155,1,4,237,247,10
157,2,2,242,249,7
159,7,1,242,252,10
165,9,4,246,253,7
160,0,3,243,256,13
161,5,3,243,256,13
168,7,1,253,259,6
171,5,2,257,262,5
158,3,0,242,264,22
162,4,0,246,264,18
163,6,0,246,264,18
164,8,0,246,264,18
167,2,4,250,265,15
170,0,4,257,265,8
172,7,1,261,266,5
177,0,1,266,271,5
178,2,4,266,275,9
179,4,4,266,275,9
166,1,0,248,282,34
169,9,0,254,282,28
173,5,0,263,282,19
174,3,0,265,282,17
181,0,4,272,284,12
183,4,4,276,284,8
175,6,3,265,285,20
176,8,3,265,285,20
180,7,3,267,285,18
186,5,0,283,289,6
189,4,1,285,291,6
185,3,2,283,292,9
187,9,2,283,292,9
190,7,4,286,292,6
191,8,0,286,298,12
192,6,0,289,298,9
195,3,4,293,299,6
193,5,2,291,300,9
194,4,1,292,302,10
196,7,1,293,302,9
197,9,0,293,303,10
182,2,3,276,303,27
184,1,3,283,303,20
188,0,3,285,303,18
199,3,2,300,305,5
200,8,3,300,308,8
204,0,0,304,309,5
201,5,2,302,312,10
211,5,3,313,318,5
202,4,1,303,322,19
206,2,1,304,322,18
207,9,1,304,322,18
198,6,4,299,322,23
203,7,4,303,322,19
205,1,4,304,322,18
213,1,2,323,329,6
208,3,1,308,331,23
212,5,1,319,331,12
214,2,0,323,333,10
218,7,0,324,333,9
215,4,3,323,333,10
217,9,3,323,333,10
223,4,0,334,340,6
209,8,4,309,340,31
210,0,4,310,340,30
216,6,4,323,340,17
220,5,3,332,342,10
222,2,3,334,342,8
224,7,1,334,344,10
225,9,1,334,344,10
221,3,2,333,344,11
233,7,1,345,350,5
232,3,3,345,350,5
226,4,0,341,351,10
228,8,0,341,351,10
230,2,2,343,354,11
231,5,2,343,354,11
219,1,4,331,359,28
227,6,4,341,359,18
229,0,4,342,359,17
238,8,3,353,363,10
240,5,3,355,363,8
237,4,1,352,364,12
239,2,1,355,364,9
235,3,2,351,364,13
236,7,2,351,364,13
234,9,4,346,364,18
241,1,0,360,369,9
242,6,0,360,369,9
243,5,3,364,370,6
245,2,2,365,372,7
251,1,3,371,376,5
252,6,0,372,379,7
244,0,1,365,383,18
247,4,1,365,383,18
248,7,1,365,383,18
246,3,4,365,384,19
249,8,4,365,384,19
250,9,4,365,384,19
256,6,3,380,385,5
259,7,2,384,393,9
260,3,2,385,393,8
262,9,0,385,394,9
263,6,0,386,394,8
253,2,1,373,402,29
255,1,1,377,402,25
258,4,1,384,402,18
266,7,2,395,402,7
254,5,4,373,403,30
257,0,4,384,403,19
261,8,4,385,403,18
274,8,3,404,409,5
265,6,1,395,410,15
271,7,0,403,412,9
272,0,0,404,412,8
275,8,3,410,415,5
276,6,0,411,421,10
278,7,0,413,421,8
277,0,1,413,422,9
279,8,2,416,422,6
280,6,0,422,428,6
283,8,3,423,428,5
281,7,1,422,429,7
282,0,2,423,431,8
264,3,4,394,438,44
267,9,4,395,438,43
268,1,4,403,438,35
269,2,4,403,438,35
270,4,4,403,438,35
273,5,4,404,438,34
292,9,4,439,444,5
291,4,2,439,447,8
284,6,0,429,448,19
285,7,0,430,448,18
286,8,0,431,448,17
288,1,1,439,448,9
289,2,1,439,448,9
295,4,3,448,458,10
300,8,3,449,458,9
296,1,2,449,460,11
299,7,2,449,460,11
294,9,4,445,460,15
297,2,4,449,460,11
306,9,1,461,466,5
287,0,0,432,467,35
290,3,0,439,467,28
293,5,0,440,467,27
298,6,0,449,467,18
301,8,4,459,469,10
305,7,4,461,469,8
302,4,2,460,471,11
303,1,2,461,471,10
310,5,1,468,473,5
304,2,0,461,475,14
309,3,4,468,475,7
312,7,3,470,479,9
313,8,3,470,479,9
314,1,4,472,484,12
316,3,4,476,484,8
315,4,0,472,486,14
317,5,0,476,486,10
320,7,3,482,487,5
318,2,1,480,488,8
307,9,2,467,489,22
308,0,2,468,489,21
311,6,2,468,489,21
325,2,0,489,497,8
321,1,2,485,498,13
322,3,2,485,498,13
327,0,3,490,499,9
329,9,3,490,499,9
326,7,1,489,500,11
328,6,1,490,500,10
319,8,4,480,504,24
323,4,4,487,504,17
324,5,4,487,504,17
335,6,3,501,506,5
331,1,1,499,509,10
337,4,3,505,511,6
340,6,1,507,514,7
330,2,2,498,517,19
332,3,2,499,517,18
333,0,2,500,517,17
334,9,2,500,517,17
342,4,1,513,523,10
343,6,1,515,523,8
336,7,4,501,524,23
338,5,4,505,524,19
339,8,4,505,524,19
346,0,0,519,526,7
341,1,2,510,527,17
347,9,2,519,527,8
350,5,0,525,531,6
344,2,1,518,532,14
345,3,1,518,532,14
351,7,4,525,532,7
353,0,2,527,534,7
354,1,1,528,538,10
348,4,3,524,543,19
349,6,3,524,543,19
352,8,3,525,543,18
357,3,2,533,544,11
360,0,2,535,544,9
361,1,1,540,545,5
366,3,4,545,550,5
355,9,0,528,551,23
356,2,0,533,551,18
358,5,0,533,551,18
359,7,0,533,551,18
363,6,1,544,551,7
367,1,3,546,552,6
368,2,1,552,557,5
372,7,3,552,559,7
371,6,0,552,560,8
369,3,4,552,561,9
373,9,4,552,561,9
362,4,2,544,562,18
364,8,2,544,562,18
365,0,2,545,562,17
375,2,1,559,564,5
381,4,1,563,569,6
382,8,0,563,570,7
378,3,4,562,573,11
383,2,4,565,573,8
385,8,0,572,577,5
384,4,4,571,582,11
386,2,4,574,582,8
387,3,0,574,587,13
388,8,0,578,587,9
389,2,1,583,589,6
390,4,4,583,596,13
391,3,4,588,596,8
370,5,2,552,597,45
374,1,2,553,597,44
376,6,2,561,597,36
377,7,2,561,597,36
379,9,2,562,597,35
380,0,2,563,597,34
392,8,0,588,599,11
393,2,0,590,599,9
395,4,2,597,606,9
396,0,2,598,606,8
402,8,1,600,611,11
403,2,1,601,611,10
394,3,3,597,615,18
400,7,3,598,615,17
401,9,3,598,615,17
397,1,4,598,616,18
398,5,4,598,616,18
399,6,4,598,616,18
406,8,0,612,617,5
404,0,1,607,620,13
405,4,1,607,620,13
412,6,0,617,624,7
409,7,2,616,624,8
407,2,3,613,624,11
408,3,3,616,624,8
410,9,4,616,627,11
413,1,4,618,627,9
416,4,1,623,628,5
420,7,4,625,632,7
421,4,0,629,638,9
422,1,0,630,638,8
411,5,3,617,642,25
414,8,3,618,642,24
415,0,3,621,642,21
417,2,2,625,643,18
418,3,2,625,643,18
419,6,2,625,643,18
423,9,4,635,646,11
424,7,4,636,646,10
431,3,0,644,651,7
434,9,1,647,652,5
430,2,4,644,654,10
425,4,3,639,661,22
426,1,3,640,661,21
427,0,3,643,661,18
428,5,3,643,661,18
435,9,1,654,663,9
437,3,1,655,663,8
429,8,2,643,664,21
432,6,2,644,664,20
433,7,2,647,664,17
436,2,3,655,670,15
438,0,3,662,670,8
440,4,0,662,671,9
441,5,0,662,671,9
444,6,1,665,672,7
439,1,2,662,674,12
445,7,2,665,674,9
443,3,4,665,674,9
446,8,4,665,674,9
442,9,3,664,676,12
454,7,0,675,680,5
451,6,2,674,680,6
453,3,3,675,681,6
459,3,2,682,688,6
458,9,0,681,689,8
456,6,3,681,690,9
457,7,3,681,690,9
448,2,4,671,692,21
452,1,4,675,692,17
455,8,4,675,692,17
447,0,1,671,694,23
449,4,1,673,694,21
450,5,1,673,694,21
461,9,2,690,696,6
463,7,3,691,696,5
467,0,4,695,700,5
466,2,3,694,702,8
471,9,4,697,706,9
472,0,2,702,709,7
460,3,0,689,712,23
462,6,0,691,712,21
465,8,0,693,712,19
468,5,0,695,712,17
473,2,4,704,712,8
474,9,2,707,715,8
464,1,1,693,717,24
469,4,1,696,717,21
470,7,1,697,717,20
478,6,4,713,718,5
476,3,2,713,721,8
475,0,3,711,722,11
480,2,3,714,722,8
481,9,4,716,723,7
477,5,1,713,724,11
479,8,0,713,726,13
482,4,0,718,726,8
483,7,3,718,729,11
485,1,2,721,730,9
486,3,2,722,730,8
487,0,4,724,735,11
490,5,4,725,735,10
495,3,1,731,737,6
492,8,2,727,740,13
493,7,2,730,740,10
496,0,4,737,742,5
484,6,0,719,745,26
488,2,0,724,745,21
489,9,0,724,745,21
491,4,0,727,745,18
498,5,2,738,745,7
502,2,4,746,751,5
499,8,1,741,752,11
500,7,1,742,752,10
505,6,1,746,757,11
508,7,2,753,759,6
510,6,4,759,764,5
494,1,0,731,765,34
497,3,0,738,765,27
501,0,0,743,765,22
503,4,3,746,765,19
504,5,3,746,765,19
506,9,3,746,765,19
514,3,1,766,771,5
511,7,0,760,774,14
516,5,0,766,774,8
519,3,1,772,777,5
520,5,0,775,784,9
521,7,0,775,784,9
522,3,0,778,789,11
524,7,1,785,790,5
523,5,4,785,790,5
527,7,2,791,798,7
525,3,0,790,800,10
526,5,0,791,800,9
507,2,3,752,800,48
509,8,3,753,800,47
512,0,3,766,800,34
513,1,3,766,800,34
515,4,3,766,800,34
517,6,3,766,800,34
518,9,3,766,800,34
534,5,1,801,806,5
535,6,3,801,806,5
530,1,2,801,810,9
536,8,2,801,810,9
538,5,2,807,815,8
528,7,0,799,818,19
531,2,0,801,818,17
533,4,0,801,818,17
540,1,1,811,818,7
541,8,3,811,818,7
529,0,4,801,819,18
532,3,4,801,819,18
537,9,4,801,819,18
547,2,0,820,829,9
549,8,0,820,829,9
539,6,4,807,829,22
543,1,4,819,829,10
542,5,2,818,838,20
544,4,2,819,838,19
546,0,2,820,838,18
545,7,3,819,839,20
548,3,3,820,839,19
550,9,3,821,839,18
554,6,0,831,840,9
551,1,1,830,843,13
553,2,1,831,843,12
561,9,0,842,852,10
563,2,0,844,852,8
559,7,4,841,852,11
560,6,4,842,852,10
552,8,2,830,856,26
555,0,2,839,856,17
556,4,2,839,856,17
566,7,3,853,858,5
564,2,4,853,858,5
557,5,1,839,862,23
558,3,1,840,862,22
562,1,1,844,862,18
571,2,4,859,864,5
574,3,0,863,868,5
572,7,1,859,872,13
573,1,1,863,872,9
576,2,1,865,877,12
578,1,3,873,878,5
575,5,4,863,878,15
577,3,4,869,878,9
581,3,3,879,884,5
565,6,2,853,891,38
567,9,2,853,891,38
568,0,2,857,891,34
569,4,2,857,891,34
570,8,2,857,891,34
579,7,4,874,896,22
580,2,4,878,896,18
582,5,4,879,896,17
589,9,0,892,897,5
585,0,2,892,901,9
586,4,2,892,901,9
587,6,3,892,901,9
588,8,3,892,901,9
591,2,0,898,903,5
590,5,1,897,904,7
592,7,3,898,906,8
583,1,4,881,906,25
584,3,4,886,906,20
599,1,3,907,912,5
597,8,0,904,913,9
598,2,0,905,913,8
596,6,4,902,915,13
601,5,4,907,915,8
593,9,2,898,919,21
594,0,2,902,919,17
595,4,2,902,919,17
600,3,0,907,922,15
602,7,0,907,922,15
610,9,0,920,929,9
603,1,2,913,929,16
608,0,2,920,929,9
604,2,1,915,930,15
609,4,1,920,930,10
611,3,4,923,933,10
605,8,3,915,935,20
606,5,3,916,935,19
607,6,3,918,935,17
617,0,4,932,939,7
614,9,0,930,940,10
616,4,0,931,940,9
620,6,2,937,942,5
621,8,3,937,943,6
612,7,1,924,948,24
613,1,1,930,948,18
615,2,1,931,948,17
624,9,2,941,949,8
619,5,0,936,950,14
623,4,0,941,950,9
622,0,3,940,952,12
625,6,3,943,952,9
629,2,0,950,957,7
618,3,1,934,957,23
626,8,1,944,957,13
630,9,2,950,959,9
632,5,2,951,959,8
633,0,3,953,962,9
634,6,3,953,962,9
636,8,1,959,966,7
627,7,4,949,968,19
628,1,4,950,968,18
631,4,4,951,968,17
637,2,0,960,969,9
639,5,0,961,969,8
640,0,2,963,971,8
646,2,1,970,975,5
644,4,3,969,975,6
642,8,0,967,976,9
649,2,0,976,983,7
635,3,4,959,986,27
638,9,4,960,986,26
641,6,4,963,986,23
643,1,2,969,989,20
645,7,2,969,989,20
647,5,2,970,989,19
656,1,3,990,995,5
