task_id,user_id,server_id,generation_time,completion_time,latency
1,7,2,0,7,7
2,9,1,0,13,13
4,1,1,1,13,12
3,0,3,1,15,14
6,4,3,1,15,14
10,7,3,9,21,12
0,3,4,0,21,21
5,2,4,1,21,20
7,5,4,1,21,20
11,1,2,15,24,9
12,0,2,16,24,8
16,3,2,24,29,5
15,7,0,23,32,9
17,5,0,24,32,8
21,3,0,30,37,7
8,6,4,5,39,34
9,8,4,5,39,34
13,4,4,16,39,23
14,9,4,16,39,23
22,5,0,34,42,8
26,4,1,41,47,6
25,9,3,40,49,9
27,6,3,41,49,8
29,5,1,44,53,9
28,8,0,41,56,15
30,4,0,48,56,8
33,5,1,54,59,5
32,6,0,52,61,9
34,8,2,57,63,6
35,4,1,58,64,6
38,8,1,64,71,7
18,0,4,26,74,48
19,1,4,26,74,48
20,2,4,27,74,47
23,7,4,35,74,39
24,3,4,38,74,36
39,4,3,65,76,11
42,0,1,76,81,5
40,8,3,74,81,7
46,1,3,79,88,9
47,0,2,82,89,7
50,1,1,90,95,5
51,1,0,96,103,7
52,1,3,105,112,7
31,9,4,51,112,61
36,5,4,60,112,52
37,6,4,62,112,50
41,2,4,75,112,37
43,3,4,76,112,36
44,4,4,78,112,34
45,7,4,78,112,34
53,1,0,113,122,9
55,4,0,113,122,9
59,2,1,116,122,6
54,3,3,113,125,12
58,9,3,115,125,10
48,8,4,82,132,50
49,0,4,90,132,42
56,6,4,113,132,19
57,5,4,114,132,18
61,1,2,123,133,10
68,6,1,133,140,7
70,1,0,134,145,11
71,6,2,142,148,6
60,7,4,118,151,33
65,9,4,126,151,25
66,0,4,133,151,18
74,0,2,152,159,7
72,1,4,146,160,14
77,0,0,160,167,7
78,1,2,161,167,6
62,2,3,123,167,44
63,4,3,123,167,44
64,3,3,126,167,41
67,5,3,133,167,34
69,8,3,133,167,34
80,0,4,169,175,6
82,3,0,169,182,13
83,4,0,169,182,13
86,0,4,176,182,6
88,4,4,183,190,7
87,3,0,183,196,13
89,0,0,184,196,12
92,3,2,197,204,7
90,4,0,194,205,11
73,6,3,149,209,60
75,7,3,152,209,57
76,9,3,154,209,55
79,8,3,168,209,41
81,1,3,169,209,40
84,5,3,169,209,40
85,2,3,172,209,37
93,3,4,205,218,13
96,2,4,210,218,8
91,0,3,197,227,30
94,4,3,209,227,18
95,1,3,210,227,17
97,5,3,210,227,17
99,8,3,211,238,27
100,7,3,212,238,26
98,6,4,211,239,28
101,9,4,212,239,27
102,2,4,222,239,17
103,3,4,222,239,17
110,6,2,241,250,9
104,4,4,228,258,30
105,5,4,228,258,30
106,1,4,229,258,29
107,0,3,231,259,28
108,8,3,239,259,20
109,2,3,240,259,19
111,3,3,242,259,17
114,6,1,253,260,7
116,0,0,260,265,5
112,7,4,242,267,25
115,1,4,259,267,8
120,3,2,262,269,7
121,6,4,262,273,11
125,1,0,269,276,7
113,9,3,243,278,35
117,5,3,260,278,18
118,8,3,260,278,18
119,2,3,261,278,17
127,6,2,274,279,5
132,6,1,280,285,5
126,3,4,270,285,15
128,1,4,277,285,8
129,2,2,279,293,14
133,8,2,281,293,12
134,3,4,287,298,11
135,6,4,289,298,9
136,1,1,290,299,9
137,2,0,294,300,6
138,8,2,296,301,5
139,3,1,299,304,5
140,1,4,300,305,5
141,6,4,302,310,8
142,2,2,303,313,10
143,8,2,303,313,10
122,4,3,263,314,51
123,0,3,266,314,48
124,7,3,268,314,46
130,9,3,279,314,35
131,5,3,280,314,34
147,2,2,315,321,6
146,6,4,314,323,9
148,4,4,315,323,8
154,2,0,322,328,6
153,8,1,319,328,9
155,6,4,325,330,5
157,2,0,329,335,6
158,8,2,331,337,6
159,6,2,335,342,7
161,8,0,339,344,5
160,2,1,336,345,9
162,6,2,343,348,5
144,3,3,305,352,47
145,1,3,306,352,46
149,0,3,316,352,36
150,7,3,316,352,36
151,9,3,316,352,36
152,5,3,318,352,34
163,2,2,348,353,5
167,3,0,354,360,6
156,4,3,328,362,34
164,8,3,349,362,13
166,6,4,353,363,10
169,2,4,355,363,8
165,0,2,353,365,12
168,1,2,355,365,10
173,3,1,362,367,5
170,5,3,355,372,17
171,7,3,356,372,16
178,3,1,369,376,7
179,1,0,370,377,7
175,8,2,364,377,13
176,2,2,365,377,12
182,7,2,373,386,13
183,2,2,378,386,8
181,5,3,373,386,13
184,3,3,378,386,8
172,9,4,356,386,30
174,6,4,364,386,22
177,0,4,367,386,19
185,1,3,380,391,11
191,6,0,389,398,9
192,3,0,390,398,8
188,2,1,387,398,11
193,7,1,390,398,8
194,1,0,392,403,11
197,6,3,399,405,6
199,1,3,405,417,12
200,6,3,406,417,11
180,4,4,373,423,50
186,8,4,382,423,41
187,0,4,387,423,36
189,5,4,387,423,36
190,9,4,387,423,36
203,0,0,424,429,5
201,1,2,418,429,11
202,6,2,418,429,11
207,9,2,427,436,9
205,5,3,427,436,9
206,8,3,427,436,9
208,0,1,431,437,6
209,1,3,431,441,10
212,8,1,437,442,5
213,9,2,437,442,5
195,2,4,399,443,44
196,3,4,399,443,44
198,7,4,401,443,42
210,6,0,432,444,12
214,0,3,438,446,8
220,7,1,446,452,6
204,4,4,427,452,25
211,5,4,437,452,15
216,3,3,445,457,12
219,2,3,446,457,11
224,5,2,453,461,8
225,7,4,455,462,7
222,0,1,449,463,14
223,4,1,453,463,10
215,1,0,443,464,21
217,6,0,445,464,19
218,8,0,445,464,19
221,9,0,447,464,17
227,3,0,461,473,12
232,8,0,465,473,8
235,9,3,468,475,7
226,2,4,460,480,20
228,5,4,463,480,17
229,7,4,463,480,17
231,1,2,465,483,18
233,4,2,466,483,17
234,6,2,466,483,17
230,0,1,464,485,21
237,9,1,476,485,9
236,8,4,476,486,10
239,5,0,482,489,7
240,7,2,483,491,8
245,0,4,487,497,10
246,9,4,487,497,10
241,3,1,484,499,15
248,5,1,490,499,9
238,2,3,481,501,20
242,4,3,484,501,17
243,6,3,484,501,17
249,7,1,494,506,12
251,9,4,498,510,12
252,5,4,500,510,10
256,7,0,507,512,5
254,6,1,503,512,9
258,9,2,511,516,5
244,1,3,485,523,38
247,8,3,489,523,34
250,0,3,498,523,25
262,9,2,518,526,8
266,9,0,527,532,5
267,9,0,533,538,5
268,9,2,539,546,7
257,2,3,509,550,41
264,1,3,524,550,26
265,8,3,524,550,26
253,3,4,503,551,48
255,4,4,505,551,46
259,6,4,513,551,38
260,7,4,513,551,38
261,5,4,514,551,37
263,0,4,524,569,45
270,1,4,551,569,18
271,2,4,551,569,18
272,8,4,551,569,18
277,5,4,555,576,21
281,8,4,573,582,9
279,2,0,571,583,12
282,5,2,577,584,7
269,9,3,548,587,39
273,3,3,552,587,35
274,4,3,553,587,34
275,6,3,553,587,34
276,7,3,553,587,34
283,8,4,583,589,6
285,5,2,585,591,6
287,6,4,589,598,9
288,9,4,589,598,9
291,8,2,593,599,6
292,7,4,595,604,9
278,1,3,570,606,36
280,0,3,573,606,33
284,2,3,585,606,21
286,4,3,588,606,18
294,9,1,601,608,7
295,6,1,605,614,9
293,8,4,601,614,13
296,7,4,605,614,9
297,0,0,607,620,13
299,2,0,608,620,12
300,4,4,608,623,15
301,9,4,609,623,14
289,3,3,592,624,32
290,5,3,592,624,32
298,1,3,607,624,17
303,8,4,616,632,16
308,9,4,624,632,8
302,6,3,615,633,18
306,2,3,621,633,12
312,8,2,633,638,5
304,7,0,619,642,23
305,0,0,621,642,21
307,4,0,624,642,18
315,2,2,636,644,8
318,7,2,644,654,10
317,4,4,643,654,11
319,0,4,646,654,8
313,6,1,634,656,22
314,9,1,635,656,21
316,8,1,639,656,17
309,1,0,626,660,34
310,3,0,627,660,33
311,5,0,627,660,33
320,2,1,649,661,12
324,6,2,657,668,11
326,9,2,657,668,11
325,8,0,657,669,12
327,1,0,661,669,8
321,0,4,655,673,18
322,4,4,655,673,18
323,7,4,656,673,17
329,3,3,662,676,14
330,5,3,662,676,14
333,1,2,671,677,6
335,0,4,676,681,5
328,2,0,662,683,21
334,6,0,671,683,12
338,3,1,678,684,6
337,1,4,678,687,9
344,3,1,685,690,5
341,0,2,684,693,9
342,2,2,684,693,9
343,6,4,684,694,10
331,9,3,669,695,26
332,8,3,670,695,25
339,5,3,678,695,17
348,2,1,696,701,5
353,2,1,702,707,5
336,4,0,676,708,32
340,7,0,678,708,30
345,1,0,688,708,20
346,3,4,692,713,21
347,0,4,694,713,19
351,8,4,696,713,17
354,2,2,708,714,6
355,4,3,709,714,5
357,1,1,710,715,5
361,4,3,716,721,5
352,9,4,697,724,27
358,0,4,714,724,10
363,2,2,720,725,5
349,5,0,696,727,31
350,6,0,696,727,31
356,7,0,709,727,18
362,1,4,717,730,13
368,5,3,729,734,5
365,0,1,725,737,12
366,2,1,726,737,11
370,6,3,732,740,8
372,5,4,735,740,5
374,2,2,739,744,5
373,0,3,738,745,7
359,3,0,714,747,33
360,8,0,714,747,33
364,4,0,724,747,23
367,9,0,726,747,21
375,5,3,742,754,12
377,2,3,745,754,9
379,3,4,748,754,6
376,6,1,744,757,13
381,9,1,748,757,9
380,4,3,748,759,11
386,6,1,758,764,6
369,7,0,731,765,34
371,1,0,734,765,31
378,0,0,747,765,18
390,6,2,766,771,5
389,1,3,766,771,5
382,8,4,753,773,20
383,2,4,755,773,18
385,5,4,755,773,18
384,3,0,755,774,19
387,9,0,758,774,16
395,2,2,774,779,5
388,4,4,760,782,22
391,7,4,766,782,16
393,6,1,772,784,12
394,1,1,773,784,11
397,3,3,775,784,9
399,9,3,775,784,9
400,2,4,782,787,5
401,4,4,785,792,7
392,0,0,768,793,25
396,5,0,774,793,19
398,8,0,775,793,18
402,3,2,787,797,10
403,1,2,788,797,9
410,8,4,795,801,6
406,7,0,791,802,11
407,4,0,794,802,8
413,3,2,801,806,5
404,2,3,790,813,23
405,6,3,790,813,23
409,5,3,795,813,18
416,3,4,807,816,9
417,4,4,807,816,9
408,0,0,795,820,25
411,9,0,795,820,25
412,1,0,800,820,20
414,7,0,803,820,17
418,6,2,814,820,6
415,8,3,803,820,17
420,3,4,818,823,5
422,5,2,819,825,6
426,1,4,822,830,8
429,6,0,824,831,7
424,9,1,821,833,12
427,7,1,822,833,11
425,0,2,822,835,13
428,3,2,824,835,11
430,5,0,829,836,7
419,2,3,817,838,21
421,4,3,819,838,19
423,8,3,821,838,17
433,3,0,836,841,5
432,6,3,833,843,10
438,4,1,840,846,6
435,7,4,837,847,10
437,2,4,839,847,8
440,8,3,840,850,10
441,3,0,845,851,6
431,1,2,831,855,24
434,0,2,837,855,18
436,9,2,837,855,18
445,7,3,850,856,6
439,5,4,840,857,17
443,6,4,848,857,9
447,3,1,855,860,5
451,6,3,859,864,5
446,8,4,851,867,16
449,7,4,857,867,10
448,1,1,857,873,16
452,0,1,861,873,12
442,4,2,847,876,29
444,2,2,849,876,27
450,9,2,857,876,19
453,3,3,861,876,15
455,6,3,865,876,11
457,7,1,869,879,10
454,5,4,864,879,15
456,8,4,868,879,11
461,9,0,877,883,6
463,4,2,878,883,5
462,3,1,878,885,7
469,9,1,886,891,5
465,7,0,882,892,10
467,4,0,884,892,8
458,0,3,876,896,20
459,1,3,877,896,19
460,6,3,877,896,19
464,2,3,879,896,17
470,3,0,890,902,12
471,9,0,892,902,10
474,1,1,897,906,9
466,8,3,883,914,31
468,5,3,884,914,30
472,7,3,893,914,21
473,0,3,897,914,17
475,4,4,897,921,24
476,2,4,899,921,22
477,6,4,899,921,22
478,3,4,903,921,18
484,7,2,919,924,5
481,0,3,915,924,9
483,8,3,915,924,9
491,8,1,925,930,5
485,2,0,922,932,10
487,4,0,923,932,9
486,6,2,922,934,12
489,0,2,925,934,9
488,3,3,924,935,11
490,7,3,925,935,10
479,9,4,905,940,35
480,1,4,907,940,33
482,5,4,915,940,25
495,6,0,936,944,8
500,5,0,942,949,7
498,2,1,940,949,9
492,4,4,933,949,16
493,8,4,933,949,16
494,0,3,935,954,19
496,7,3,936,954,18
497,3,3,937,954,17
506,5,2,953,959,6
504,8,3,950,963,13
505,4,3,952,963,11
508,3,1,961,968,7
499,1,4,942,968,26
501,9,4,945,968,23
502,6,4,946,968,22
503,2,4,950,968,18
510,4,3,965,970,5
511,5,0,965,971,6
512,8,1,966,977,11
513,1,3,969,980,11
515,2,3,970,980,10
516,3,0,971,982,11
517,4,0,971,982,11
521,1,2,981,986,5
520,8,3,980,986,6
507,0,4,956,986,30
509,7,4,961,986,25
514,6,4,969,986,17
526,8,2,987,992,5
524,4,1,986,993,7
528,7,0,990,995,5
523,3,3,984,995,11
525,6,3,987,995,8
530,8,1,993,999,6
