task_id,user_id,server_id,generation_time,completion_time,latency
2,2,4,0,5,5
8,8,3,0,6,6
3,3,0,0,9,9
4,4,0,0,9,9
5,5,2,0,9,9
6,6,2,0,9,9
15,6,4,10,15,5
10,2,0,6,18,12
14,5,0,10,18,8
0,0,1,0,18,18
1,1,1,0,18,18
7,7,1,0,18,18
9,9,1,0,18,18
11,8,2,7,19,12
12,3,2,10,19,9
13,4,1,10,23,13
17,0,0,19,24,5
21,7,4,19,28,9
23,3,4,20,28,8
25,0,1,27,32,5
16,6,2,16,37,21
20,5,2,19,37,18
22,9,2,19,37,18
29,0,1,33,38,5
18,1,3,19,38,19
19,2,3,19,38,19
24,8,3,20,38,18
26,4,4,28,38,10
28,7,4,29,38,9
34,1,4,39,44,5
27,3,2,29,55,26
31,6,2,38,55,17
32,9,2,38,55,17
30,5,0,38,57,19
35,2,0,39,57,18
38,8,0,39,57,18
33,0,1,39,57,18
36,4,1,39,57,18
37,7,1,39,57,18
42,9,4,56,61,5
44,2,3,58,63,5
39,1,2,46,64,18
40,3,2,56,64,8
41,6,1,56,66,10
47,8,1,58,66,8
43,0,4,58,66,8
45,5,0,58,68,10
46,7,0,58,68,10
49,9,3,62,68,6
50,2,2,64,69,5
55,8,4,67,72,5
54,6,0,67,73,6
56,5,2,69,74,5
48,4,1,59,75,16
51,1,1,65,75,10
60,8,1,73,80,7
52,3,3,65,86,21
53,0,3,67,86,19
58,9,3,69,86,17
65,8,3,81,91,10
57,7,4,69,91,22
59,2,4,73,91,18
61,6,4,74,91,17
66,0,0,87,96,9
68,9,0,87,96,9
70,6,3,92,101,9
71,7,3,92,101,9
73,0,0,97,106,9
74,9,0,97,106,9
76,7,3,102,107,5
75,6,0,102,111,9
79,7,1,108,113,5
77,0,2,107,116,9
78,9,2,107,116,9
80,6,0,112,117,5
81,7,3,114,119,5
85,7,3,120,125,5
62,5,4,75,126,51
63,1,4,76,126,50
64,4,4,76,126,50
67,3,4,87,126,39
69,2,4,92,126,34
72,8,4,92,126,34
86,7,0,126,132,6
92,8,4,127,134,7
82,0,1,117,135,18
83,9,1,117,135,18
84,6,1,118,135,17
87,1,2,127,137,10
89,3,2,127,137,10
90,4,3,127,137,10
91,5,3,127,137,10
94,8,2,135,146,11
101,5,2,138,146,8
93,7,3,133,146,13
96,6,3,136,146,10
99,3,0,138,147,9
100,4,0,138,147,9
105,8,3,147,152,5
88,2,1,127,153,26
95,0,1,136,153,17
97,9,1,136,153,17
102,5,0,147,156,9
107,4,0,148,156,8
103,6,2,147,157,10
104,7,2,147,157,10
109,0,3,154,159,5
98,1,1,138,162,24
106,3,1,148,162,14
114,6,2,158,163,5
110,2,4,154,163,9
111,9,4,154,163,9
108,8,0,153,166,13
113,5,0,157,166,9
121,9,2,164,169,5
112,4,4,157,172,15
120,6,4,164,172,8
124,9,3,170,176,6
123,8,4,167,177,10
125,6,2,173,178,5
115,7,1,158,181,23
116,0,1,160,181,21
118,3,1,163,181,18
117,1,0,163,184,21
119,2,0,164,184,20
122,5,0,167,184,17
129,6,2,179,184,5
128,8,1,178,186,8
126,4,4,176,186,10
127,9,4,177,186,9
132,7,0,182,190,8
137,4,3,187,192,5
130,0,2,182,193,11
135,5,2,185,193,8
131,3,4,182,195,13
136,6,4,185,195,10
141,4,3,193,198,5
144,6,4,196,201,5
145,3,0,197,202,5
133,1,1,185,204,19
134,2,1,185,204,19
138,8,1,187,204,17
139,9,1,187,204,17
148,3,3,203,208,5
152,9,0,205,211,6
140,7,2,191,211,20
142,0,2,194,211,17
143,5,2,194,211,17
156,7,2,212,217,5
149,1,3,205,217,12
151,8,3,205,217,12
157,9,4,212,218,6
153,3,0,209,221,12
154,0,0,212,221,9
146,4,1,199,222,23
147,6,1,202,222,20
150,2,1,205,222,17
155,5,3,212,222,10
159,7,0,218,226,8
158,1,2,218,227,9
161,9,2,219,227,8
160,8,1,218,232,14
162,0,1,222,232,10
164,2,4,223,232,9
167,6,4,223,232,9
168,1,2,228,233,5
171,0,2,233,238,5
173,6,0,233,239,6
175,1,1,234,239,5
163,3,3,222,240,18
165,4,3,223,240,17
166,5,3,223,240,17
180,4,1,241,246,5
169,7,4,228,251,23
170,9,4,228,251,23
172,2,4,233,251,18
182,4,2,247,252,5
185,4,2,253,258,5
178,6,4,240,270,30
183,2,4,252,270,18
184,7,4,252,270,18
186,9,4,253,270,17
174,8,3,233,275,42
176,0,3,239,275,36
177,1,3,240,275,35
179,3,3,241,275,34
181,5,3,241,275,34
188,2,0,271,276,5
187,4,4,259,279,20
191,9,4,271,279,8
192,0,0,276,281,5
189,6,2,271,281,10
190,7,2,271,281,10
195,1,3,277,286,9
196,2,3,277,286,9
193,3,4,276,288,12
198,4,4,280,288,8
201,6,1,282,291,9
202,7,1,282,291,9
203,1,0,287,293,6
199,9,3,280,295,15
204,2,3,287,295,8
206,4,4,289,295,6
209,1,0,294,299,5
194,5,2,276,299,23
197,8,2,277,299,22
200,0,2,282,299,17
205,3,1,289,300,11
207,6,1,292,300,8
208,7,3,292,300,8
212,9,4,296,301,5
219,7,1,301,306,5
210,2,2,296,309,13
211,4,2,296,309,13
216,8,3,300,309,9
218,6,3,301,309,8
214,1,4,300,310,10
217,3,4,301,310,9
213,0,0,300,311,11
215,5,0,300,311,11
220,9,2,302,314,12
223,4,3,310,315,5
224,6,1,310,319,9
225,8,1,310,319,9
228,0,2,312,319,7
226,1,4,311,320,9
227,3,4,311,320,9
236,3,2,321,326,5
230,9,3,317,326,9
231,4,3,318,326,8
221,7,0,307,329,22
222,2,0,310,329,19
229,5,0,312,329,17
233,8,1,320,329,9
234,0,1,321,329,8
235,1,3,321,331,10
242,5,2,330,335,5
232,6,0,320,338,18
237,3,0,327,338,11
243,7,3,330,340,10
244,8,3,330,340,10
245,1,2,336,341,5
246,5,0,336,343,7
250,8,3,341,346,5
238,4,1,327,347,20
239,9,1,327,347,20
240,0,1,330,347,17
241,2,1,330,347,17
251,1,4,342,347,5
257,4,3,348,353,5
256,2,4,348,353,5
253,8,0,347,358,11
258,9,0,348,358,10
247,3,2,339,359,20
248,6,2,339,359,20
249,7,2,341,359,18
259,2,4,354,363,9
265,7,3,360,365,5
252,5,1,344,366,22
254,0,1,348,366,18
255,1,1,348,366,18
260,4,0,354,368,14
262,9,0,359,368,9
261,8,2,359,368,9
264,6,2,360,368,8
266,2,4,364,369,5
263,3,1,360,375,15
270,5,1,367,375,8
269,1,0,367,377,10
271,4,0,369,377,8
267,7,2,366,377,11
272,6,2,369,377,8
268,0,4,367,378,11
273,8,4,369,378,9
274,9,1,369,380,11
277,5,2,376,382,6
280,6,1,378,385,7
284,9,3,381,386,5
278,1,4,378,387,9
281,7,4,378,387,9
286,6,1,386,391,5
282,0,2,379,391,12
283,8,2,379,391,12
285,5,3,385,391,6
275,2,0,370,395,25
276,3,0,376,395,19
279,4,0,378,395,17
288,7,3,388,396,8
293,8,1,392,397,5
292,6,4,392,397,5
289,1,0,390,400,10
299,8,1,398,403,5
295,3,4,397,406,9
297,2,4,398,406,8
296,7,0,397,409,12
298,6,0,398,409,11
301,8,1,404,409,5
287,9,2,387,409,22
290,0,2,392,409,17
291,5,2,392,409,17
300,1,4,401,411,10
294,4,2,396,414,18
309,9,3,410,417,7
307,7,4,410,417,7
302,2,1,407,418,11
308,8,1,410,418,8
311,4,2,415,420,5
315,8,3,419,424,5
303,3,0,407,427,20
304,0,0,410,427,17
305,5,0,410,427,17
306,6,0,410,427,17
312,7,1,418,427,9
313,9,1,418,427,9
314,2,2,419,431,12
316,4,2,421,431,10
317,8,3,425,431,6
318,0,1,428,433,5
326,8,2,432,437,5
324,2,1,432,438,6
327,0,4,434,440,6
329,2,4,439,445,6
310,1,0,412,446,34
319,3,0,428,446,18
320,5,0,428,446,18
322,7,0,428,446,18
321,6,3,428,449,21
323,9,3,428,449,21
325,4,3,432,449,17
335,7,1,447,452,5
332,1,4,447,452,5
331,2,2,446,455,9
334,5,2,447,455,8
340,7,0,453,458,5
339,1,1,453,458,5
342,5,2,456,462,6
336,4,4,450,462,12
338,9,4,450,462,12
343,1,1,459,464,5
328,8,3,438,467,29
330,0,3,441,467,26
333,3,3,447,467,20
337,6,3,450,467,17
349,3,2,468,473,5
351,0,3,469,474,5
341,2,4,456,480,24
344,7,4,459,480,21
347,9,4,463,480,17
345,4,1,463,482,19
346,5,1,463,482,19
348,1,1,465,482,17
353,3,3,474,483,9
354,0,3,475,483,8
356,7,0,481,486,5
358,1,1,483,488,5
361,0,2,484,489,5
359,4,3,483,492,9
360,5,3,483,492,9
364,1,1,489,494,5
362,3,0,484,495,11
363,7,0,487,495,8
366,4,3,493,498,5
350,6,4,468,498,30
352,8,4,469,498,29
355,2,4,481,498,17
357,9,4,481,498,17
367,5,0,493,504,11
368,1,0,495,504,9
371,2,2,499,508,9
372,4,2,499,508,9
376,1,3,505,512,7
373,6,0,499,513,14
374,8,0,499,513,14
365,0,4,490,516,26
369,3,4,496,516,20
370,7,4,496,516,20
375,9,4,499,516,17
377,5,2,505,517,12
378,2,2,509,517,8
380,1,3,513,518,5
381,6,0,514,519,5
379,4,1,511,522,11
382,8,1,514,522,8
387,5,4,518,524,6
390,6,1,522,527,5
385,0,2,518,527,9
386,2,2,518,527,9
383,3,3,517,527,10
388,7,3,518,527,9
384,9,0,517,528,11
389,1,0,519,528,9
391,4,4,523,534,11
393,5,4,525,534,9
398,7,1,528,535,7
392,8,2,524,536,12
394,0,2,528,536,8
396,3,3,528,539,11
397,6,3,528,539,11
401,4,2,535,541,6
402,5,1,535,544,9
403,7,1,536,544,8
408,4,0,542,547,5
407,6,2,540,547,7
405,0,3,540,549,9
406,3,3,540,549,9
395,2,4,528,552,24
399,1,4,529,552,23
400,9,4,529,552,23
415,1,2,553,559,6
404,8,4,537,561,24
416,9,4,553,561,8
409,5,0,545,565,20
410,7,0,546,565,19
411,4,0,548,565,17
412,6,3,548,567,19
413,0,3,550,567,17
414,3,3,550,567,17
417,2,4,559,570,11
418,1,4,560,570,10
422,5,0,566,571,5
423,7,1,566,571,5
419,8,2,562,571,9
420,9,2,562,571,9
424,0,2,568,580,12
427,1,2,571,580,9
421,4,4,566,580,14
428,2,4,571,580,9
425,3,0,568,589,21
426,6,0,568,589,21
432,9,0,572,589,17
429,5,1,572,590,18
430,7,1,572,590,18
431,8,1,572,590,18
434,1,2,581,590,9
436,4,2,581,590,9
433,0,4,581,591,10
435,2,4,581,591,10
444,8,0,591,597,6
441,4,2,591,601,10
443,7,2,591,601,10
447,8,0,598,603,5
449,7,1,602,607,5
448,4,2,602,607,5
440,1,3,591,609,18
445,0,3,592,609,17
446,2,3,592,609,17
437,3,4,590,609,19
438,6,4,590,609,19
439,9,4,590,609,19
442,5,4,591,609,18
450,8,0,605,610,5
457,5,2,610,616,6
456,3,3,610,617,7
458,6,4,610,620,10
460,8,4,611,620,9
462,3,4,619,625,6
451,4,0,608,628,20
452,7,0,608,628,20
459,9,0,610,628,18
453,0,1,610,628,18
454,1,1,610,628,18
455,2,1,610,628,18
461,5,3,618,629,11
464,8,3,621,629,8
465,3,4,626,631,5
472,5,3,630,635,5
474,3,0,632,638,6
466,0,2,629,638,9
470,7,2,629,638,9
475,5,3,637,642,5
476,0,0,639,644,5
463,6,1,621,646,25
469,4,1,629,646,17
471,9,1,629,646,17
477,3,2,639,648,9
478,7,2,639,648,9
479,5,3,643,648,5
467,1,4,629,649,20
468,2,4,629,649,20
473,8,4,630,649,19
481,4,0,647,652,5
487,1,4,650,659,9
488,8,4,650,659,9
489,4,0,656,661,5
492,8,4,660,665,5
480,0,3,645,666,21
482,6,3,647,666,19
485,5,3,649,666,17
483,9,2,647,667,20
484,3,2,649,667,18
486,7,2,649,667,18
490,1,1,660,669,9
491,2,1,660,669,9
493,4,4,663,670,7
498,3,0,668,673,5
500,9,3,668,674,6
495,0,2,667,676,9
497,6,2,667,676,9
494,8,1,666,678,12
499,7,1,668,678,10
496,5,4,667,679,12
502,2,4,670,679,9
507,6,1,677,683,6
503,4,3,671,684,13
505,9,3,675,684,9
501,1,2,670,685,15
504,3,2,674,685,11
513,4,2,685,691,6
511,5,1,680,693,13
512,6,1,684,693,9
508,7,3,679,693,14
514,9,3,685,693,8
517,4,0,692,697,5
506,0,4,677,697,20
509,8,4,679,697,18
510,2,4,680,697,17
516,3,1,689,698,9
518,5,2,694,699,5
524,3,1,701,708,7
525,5,2,701,712,11
526,2,2,702,712,10
515,1,3,687,712,25
520,7,3,694,712,18
521,9,3,694,712,18
528,3,4,709,714,5
519,6,0,694,715,21
522,0,0,698,715,17
523,8,0,698,715,17
529,1,1,713,718,5
532,7,2,713,718,5
531,5,3,713,722,9
533,9,3,713,722,9
536,6,4,716,725,9
537,8,4,716,725,9
540,5,1,723,732,9
541,9,1,723,732,9
527,4,0,702,733,31
530,2,0,713,733,20
534,3,0,715,733,18
535,0,0,716,733,17
538,1,4,719,734,15
539,7,4,719,734,15
542,6,1,726,737,11
547,2,4,734,739,5
543,8,0,726,742,16
545,9,0,733,742,9
546,0,1,734,743,9
551,6,3,738,743,5
552,7,4,738,748,10
553,2,4,740,748,8
557,6,3,744,749,5
550,1,0,738,751,13
555,9,0,743,751,8
544,5,2,733,751,18
548,3,2,734,751,17
549,4,2,734,751,17
560,6,3,750,755,5
554,8,4,743,757,14
556,0,4,744,757,13
565,1,0,753,758,5
558,2,1,749,758,9
559,7,1,749,758,9
562,4,2,752,761,9
563,5,2,752,761,9
567,0,1,758,763,5
561,3,3,752,764,12
566,6,3,756,764,8
571,7,2,759,766,7
564,9,4,752,766,14
568,8,4,758,766,8
569,1,0,759,768,9
570,2,0,759,768,9
573,5,1,762,768,6
578,8,4,767,772,5
572,4,3,762,773,11
574,0,3,764,773,9
575,3,2,765,775,10
577,7,2,767,775,8
584,0,4,774,779,5
579,9,3,767,782,15
582,5,3,769,782,13
583,8,2,773,784,11
585,4,2,774,784,10
588,0,0,780,785,5
576,6,1,765,786,21
580,1,1,769,786,17
581,2,1,769,786,17
589,5,3,783,788,5
586,3,4,776,788,12
587,7,4,776,788,12
591,4,0,785,790,5
599,7,3,789,794,5
593,0,2,786,795,9
596,6,2,787,795,8
592,8,4,785,798,13
597,3,0,789,799,10
598,5,0,789,799,10
600,4,3,791,803,12
601,7,3,795,803,8
590,9,1,783,804,21
594,1,1,787,804,17
595,2,1,787,804,17
604,8,2,799,804,5
602,6,4,796,804,8
603,0,0,797,808,11
605,3,0,800,808,8
606,5,3,800,808,8
612,8,4,805,810,5
607,4,1,804,811,7
617,4,0,812,821,9
618,8,0,812,821,9
608,7,2,804,823,19
610,2,2,805,823,18
613,9,2,805,823,18
609,1,3,805,826,21
611,6,3,805,826,21
614,0,3,809,826,17
622,7,0,824,829,5
621,2,4,824,829,5
624,0,1,827,832,5
619,4,3,822,836,14
623,9,3,824,836,12
615,3,2,809,841,32
616,5,2,809,841,32
620,8,2,822,841,19
627,2,3,830,841,11
631,9,1,837,842,5
626,1,4,830,842,12
628,7,4,830,842,12
637,7,0,843,852,9
638,9,0,843,852,9
625,6,2,828,859,31
629,0,2,833,859,26
630,4,2,837,859,22
632,2,3,842,860,18
633,3,3,842,860,18
634,5,3,842,860,18
635,8,3,842,860,18
639,7,4,853,863,10
640,9,4,853,863,10
636,1,2,843,864,21
643,6,3,860,865,5
647,8,0,861,866,5
642,4,1,860,869,9
644,2,1,861,869,8
645,3,2,861,869,8
650,1,0,866,871,5
648,7,3,864,874,10
651,6,3,866,874,8
654,3,2,870,875,5
655,4,0,870,876,6
652,8,1,869,878,9
658,7,2,875,880,5
641,0,4,860,881,21
646,5,4,861,881,20
649,9,4,864,881,17
657,6,3,875,884,9
659,3,3,876,884,8
662,7,2,881,886,5
660,4,0,877,887,10
661,8,0,879,887,8
653,2,4,870,890,20
656,1,4,872,890,18
666,3,1,885,891,6
665,9,0,882,892,10
667,6,2,885,892,7
663,0,3,882,893,11
664,5,3,882,893,11
669,4,1,888,896,8
674,6,2,893,898,5
670,8,4,888,900,12
672,2,4,891,900,9
678,4,0,897,902,5
679,6,2,899,904,5
675,9,4,893,905,12
680,2,1,901,910,9
681,8,1,901,910,9
682,4,0,905,911,6
683,6,2,905,911,6
685,2,0,911,916,5
686,8,4,911,920,9
688,6,4,912,920,8
689,2,0,917,922,5
690,6,2,921,926,5
668,7,3,887,928,41
671,1,3,891,928,37
673,3,3,892,928,36
676,0,3,894,928,34
677,5,3,894,928,34
692,2,1,923,929,6
693,6,2,927,932,5
695,1,0,929,934,5
699,2,4,930,936,6
696,3,2,929,937,8
697,5,1,929,938,9
698,7,1,929,938,9
700,6,0,934,939,5
702,2,4,937,942,5
701,1,1,935,943,8
703,3,2,938,943,5
684,9,3,906,946,40
687,4,3,912,946,34
691,8,3,921,946,25
694,0,3,929,946,17
705,7,4,939,947,8
704,5,0,939,949,10
706,6,0,940,949,9
713,9,2,947,956,9
714,7,2,948,956,8
710,0,4,947,956,9
711,4,4,947,956,9
715,5,3,950,959,9
716,6,3,950,959,9
719,7,2,957,962,5
707,2,0,943,967,24
708,1,0,944,967,23
709,3,0,944,967,23
712,8,0,947,967,20
721,5,3,960,967,7
723,7,2,963,968,5
722,6,0,961,972,11
729,7,2,969,974,5
717,0,1,957,976,19
718,4,1,957,976,19
720,9,1,957,976,19
732,0,0,977,982,5
726,3,1,968,982,14
731,7,3,975,985,10
733,4,3,977,985,8
724,1,4,968,987,19
725,2,4,968,987,19
727,5,4,968,987,19
728,8,4,968,987,19
735,0,1,983,988,5
736,3,3,983,990,7
738,7,2,986,991,5
741,5,0,988,993,5
743,0,3,989,995,6
737,4,1,986,997,11
739,1,1,988,997,9
744,3,0,991,998,7
746,5,2,994,999,5
