task_id,user_id,server_id,generation_time,completion_time,latency
9,9,0,0,5,5
2,2,3,0,5,5
3,3,4,0,5,5
5,5,2,0,9,9
8,8,2,0,9,9
11,3,0,6,11,5
10,2,3,6,15,9
12,9,3,6,15,9
13,5,2,10,19,9
14,8,2,10,19,9
15,3,4,14,19,5
17,9,0,16,21,5
16,2,3,16,23,7
21,9,0,22,27,5
22,2,4,24,30,6
0,0,1,0,35,35
1,1,1,0,35,35
4,4,1,0,35,35
6,6,1,0,35,35
7,7,1,0,35,35
24,2,2,31,36,5
18,3,3,20,41,21
19,5,3,20,41,21
20,8,3,20,41,21
30,2,1,37,42,5
25,0,0,36,46,10
29,7,0,36,46,10
32,5,1,42,47,5
34,2,0,43,51,8
26,1,4,36,54,18
27,4,4,36,54,18
28,6,4,36,54,18
37,5,0,48,56,8
35,0,1,47,56,9
36,7,1,47,56,9
38,2,2,52,58,6
23,9,3,28,59,31
31,3,3,42,59,17
33,8,3,42,59,17
39,1,4,55,64,9
40,4,4,55,64,9
46,3,0,60,65,5
42,0,1,57,66,9
44,7,1,57,66,9
48,9,2,60,66,6
43,5,4,57,69,12
50,4,1,65,71,6
53,7,0,67,73,6
55,4,1,72,77,5
41,6,3,55,77,22
45,2,3,59,77,18
47,8,3,60,77,17
57,7,0,74,79,5
49,1,2,65,84,19
51,3,2,66,84,18
52,0,2,67,84,17
54,9,2,67,84,17
62,7,4,80,85,5
60,6,0,78,88,10
61,8,0,78,88,10
63,1,4,85,90,5
65,0,2,86,91,5
69,8,0,90,95,5
68,6,2,90,96,6
56,5,3,72,96,24
58,2,3,78,96,18
59,4,3,78,96,18
71,0,0,92,100,8
76,6,2,97,102,5
75,5,4,97,102,5
64,3,1,85,103,18
66,7,1,86,103,17
67,9,1,86,103,17
78,5,2,103,108,5
80,3,4,104,109,5
73,2,0,97,110,13
77,0,0,101,110,9
70,1,3,91,114,23
72,8,3,96,114,18
74,4,3,97,114,17
83,5,2,109,119,10
85,0,2,111,119,8
84,3,4,110,119,9
86,2,4,111,119,8
79,6,1,103,121,18
81,7,1,104,121,17
82,9,1,104,121,17
89,8,3,115,122,7
87,1,4,115,124,9
97,8,2,123,128,5
95,7,4,122,129,7
91,2,3,120,131,11
96,9,3,122,131,9
102,9,0,132,137,5
98,1,2,128,137,9
99,8,2,129,137,8
101,2,4,132,138,6
105,9,4,138,144,6
106,2,0,140,145,5
107,9,3,145,154,9
108,2,3,146,154,8
100,7,2,130,155,25
103,1,2,138,155,17
104,8,2,138,155,17
88,4,1,115,156,41
90,0,1,120,156,36
92,3,1,120,156,36
93,5,1,120,156,36
94,6,1,122,156,34
109,2,2,155,160,5
119,2,4,168,173,5
113,8,0,156,174,18
114,0,0,157,174,17
116,4,0,157,174,17
110,9,1,155,174,19
111,1,1,156,174,18
115,3,1,157,174,17
112,7,3,156,175,19
117,5,3,157,175,18
118,6,3,157,175,18
125,8,2,175,180,5
122,1,1,175,184,9
124,4,1,175,184,9
120,2,3,174,184,10
129,7,3,176,184,8
130,8,2,182,187,5
131,1,1,185,190,5
133,4,3,185,194,9
134,7,3,185,194,9
132,2,2,185,196,11
135,8,2,188,196,8
136,1,1,191,197,6
141,1,3,198,203,5
142,1,3,204,209,5
121,0,4,175,210,35
123,3,4,175,210,35
126,9,4,175,210,35
127,5,4,176,210,34
128,6,4,176,210,34
137,4,2,195,214,19
138,7,2,195,214,19
139,2,2,197,214,17
140,8,2,197,214,17
145,3,1,211,216,5
144,0,4,211,216,5
152,7,1,216,221,5
146,5,2,211,224,13
151,8,2,215,224,9
149,2,4,215,225,10
150,4,4,215,225,10
153,0,0,217,226,9
154,3,0,217,226,9
155,7,2,223,229,6
143,1,3,210,229,19
147,6,3,211,229,18
148,9,3,211,229,18
156,5,1,225,234,9
158,2,1,226,234,8
157,8,0,225,236,11
160,0,0,227,236,9
165,9,4,230,236,6
161,3,3,227,238,11
163,6,3,230,238,8
159,4,2,226,239,13
162,1,2,230,239,9
168,0,1,237,242,5
169,8,3,237,243,6
172,6,2,239,244,5
171,3,1,239,247,8
175,0,4,243,248,5
176,8,2,244,249,5
173,1,3,240,252,12
174,4,3,240,252,12
164,7,0,230,255,25
166,2,0,235,255,20
167,5,0,235,255,20
170,9,0,237,255,18
177,6,1,245,257,12
178,3,1,248,257,9
182,4,2,253,258,5
179,0,4,249,258,9
180,8,4,250,258,8
181,1,1,253,262,9
185,7,0,256,265,9
186,9,0,256,265,9
183,2,3,256,265,9
184,5,3,256,265,9
187,3,4,258,267,9
188,6,4,258,267,9
189,0,2,259,268,9
191,8,2,259,268,9
190,4,1,259,272,13
192,1,1,264,272,8
194,5,4,266,272,6
195,7,0,266,275,9
196,9,0,266,275,9
198,6,3,268,277,9
200,8,3,269,277,8
199,0,1,269,278,9
193,2,2,266,278,12
197,3,2,268,278,10
201,1,4,273,278,5
207,8,0,278,287,9
209,1,0,279,287,8
204,7,4,276,288,12
211,3,4,279,288,9
215,7,0,289,294,5
202,4,2,273,296,23
205,9,2,276,296,20
208,0,2,279,296,17
203,5,3,273,296,23
206,6,3,278,296,18
210,2,3,279,296,17
216,7,3,295,302,7
222,9,4,297,303,6
217,0,0,297,306,9
220,5,0,297,306,9
212,1,1,288,306,18
213,8,1,288,306,18
214,3,1,289,306,17
228,5,3,307,312,5
218,2,2,297,315,18
219,4,2,297,315,18
221,6,2,297,315,18
230,5,1,313,318,5
233,6,3,316,322,6
231,2,1,316,323,7
223,7,2,304,324,20
225,0,2,307,324,17
232,4,4,316,324,8
224,9,0,304,325,21
226,1,0,307,325,18
227,3,0,307,325,18
229,8,0,307,325,18
234,5,2,319,329,10
235,6,3,323,329,6
236,2,1,324,334,10
241,3,1,326,334,8
242,8,3,326,334,8
237,0,4,325,334,9
239,7,4,325,334,9
244,6,2,330,335,5
245,5,4,331,339,8
251,6,2,336,341,5
247,2,3,335,341,6
238,4,0,325,343,18
240,1,0,326,343,17
243,9,0,326,343,17
249,7,0,335,348,13
252,5,3,340,351,11
254,6,3,342,351,9
246,0,1,335,353,18
248,3,1,335,353,18
250,8,1,335,353,18
256,4,2,344,353,9
257,9,2,344,353,9
258,7,0,349,355,6
255,1,3,344,356,12
259,5,4,352,357,5
261,0,2,354,359,5
263,4,4,354,362,8
269,0,0,360,365,5
267,7,2,357,368,11
268,5,2,358,368,10
253,2,1,342,371,29
260,6,1,352,371,19
262,3,1,354,371,17
264,8,3,354,374,20
265,9,3,354,374,20
266,1,3,357,374,17
274,3,4,372,377,5
273,7,1,369,380,11
275,6,1,372,380,8
276,8,4,375,382,7
277,1,3,376,385,9
278,9,3,377,385,8
270,4,2,365,386,21
271,0,2,366,386,20
272,5,2,369,386,17
284,2,4,386,392,6
285,9,0,386,393,7
279,3,1,378,398,20
280,6,1,381,398,17
281,7,1,381,398,17
289,2,4,393,402,9
290,9,4,394,402,8
291,3,0,399,404,5
282,8,2,383,404,21
286,0,2,387,404,17
287,4,2,387,404,17
292,6,3,399,404,5
298,4,0,405,410,5
296,0,2,405,414,9
299,6,2,405,414,9
283,1,1,386,416,30
288,5,1,387,416,29
293,7,1,399,416,17
302,0,2,415,420,5
294,2,3,403,422,19
295,9,3,403,422,19
297,3,3,405,422,17
300,8,3,405,422,17
301,4,1,411,425,14
306,7,1,417,425,8
305,5,2,417,425,8
308,2,0,423,428,5
312,4,4,426,435,9
314,7,4,426,435,9
315,2,2,431,436,5
303,6,3,415,440,25
304,1,3,417,440,23
309,3,3,423,440,17
311,9,3,423,440,17
307,0,1,421,443,22
310,8,1,423,443,20
313,5,1,426,443,17
317,7,2,436,445,9
318,2,2,437,445,8
319,1,0,441,446,5
320,3,3,441,446,5
327,7,4,446,451,5
324,5,2,444,454,10
326,2,2,446,454,8
323,0,0,444,455,11
325,8,0,444,455,11
328,1,3,447,456,9
329,3,3,447,456,9
316,4,1,436,461,25
321,6,1,441,461,20
322,9,1,441,461,20
334,8,2,456,461,5
335,1,3,457,466,9
336,3,3,457,466,9
331,2,1,455,471,16
337,4,1,462,471,9
338,6,2,462,471,9
340,9,2,462,471,9
330,7,0,452,473,21
332,5,0,455,473,18
333,0,0,456,473,17
339,8,3,462,475,13
342,3,3,467,475,8
344,4,4,472,477,5
343,2,0,472,479,7
341,1,1,467,480,13
345,6,1,472,480,8
347,0,2,474,483,9
349,7,2,474,483,9
351,4,0,478,484,6
346,9,3,472,484,12
350,3,3,476,484,8
348,5,1,474,485,11
357,7,1,484,490,6
353,2,2,480,492,12
354,1,2,481,492,11
356,0,0,484,493,9
360,9,0,485,493,8
363,1,1,493,498,5
359,4,2,485,501,16
361,5,2,486,501,15
362,7,0,491,502,11
366,9,0,494,502,8
352,8,3,478,502,24
355,6,3,481,502,21
358,3,3,485,502,17
364,2,4,493,502,9
365,0,4,494,502,8
372,3,0,503,508,5
375,8,2,503,512,9
376,9,2,503,512,9
367,1,3,499,512,13
374,7,3,503,512,9
377,3,3,509,518,9
379,7,0,513,522,9
380,8,0,513,522,9
378,1,2,513,522,9
381,9,2,513,522,9
383,1,3,523,528,5
386,9,4,523,530,7
368,4,1,502,537,35
369,5,1,502,537,35
370,0,1,503,537,34
371,2,1,503,537,34
373,6,1,503,537,34
382,3,2,519,540,21
384,7,2,523,540,17
385,8,2,523,540,17
387,1,3,529,540,11
388,9,3,531,540,9
393,6,1,538,543,5
390,2,4,538,543,5
389,0,0,538,547,9
391,4,0,538,547,9
392,5,2,538,550,12
394,1,2,541,550,9
396,7,3,541,550,9
398,9,3,541,550,9
397,8,1,541,552,11
399,2,1,544,552,8
395,3,0,541,553,12
400,6,2,544,555,11
401,0,4,548,558,10
402,4,4,548,558,10
404,5,3,551,560,9
406,9,3,551,560,9
403,1,1,551,561,10
405,7,1,551,561,10
407,2,2,553,564,11
408,8,2,553,564,11
414,9,4,561,566,5
413,5,0,561,568,7
409,3,3,554,569,15
410,6,3,556,569,13
418,2,4,567,572,5
415,1,2,562,573,11
417,8,2,565,573,8
420,5,0,569,574,5
422,6,3,570,575,5
421,3,4,570,577,7
411,0,1,559,579,20
412,4,1,559,579,20
416,7,1,562,579,17
419,9,2,568,582,14
423,2,2,573,582,9
425,8,4,574,582,8
428,3,0,578,583,5
424,1,1,574,584,10
426,5,3,575,585,10
427,6,3,576,585,9
436,1,1,585,590,5
431,7,4,582,592,10
433,8,4,583,592,9
434,9,3,583,594,11
435,3,3,584,594,10
437,5,4,586,597,11
441,8,1,593,598,5
429,0,2,580,600,20
430,4,2,581,600,19
432,2,2,583,600,17
444,5,0,598,603,5
445,8,4,599,604,5
449,5,0,604,609,5
450,8,1,605,610,5
439,1,3,591,612,21
440,7,3,593,612,19
443,9,3,595,612,17
447,2,4,601,613,12
448,4,4,601,613,12
451,5,0,610,615,5
452,8,1,611,616,5
438,6,2,586,618,32
442,3,2,595,618,23
446,0,2,601,618,17
453,7,0,613,620,7
458,5,4,616,621,5
459,8,1,617,622,5
457,4,2,614,623,9
461,3,0,621,626,5
460,0,4,619,630,11
464,5,4,622,630,8
466,4,0,624,631,7
454,9,3,613,631,18
455,1,3,614,631,17
456,2,3,614,631,17
462,6,2,621,632,11
463,7,2,621,632,11
468,0,0,631,636,5
470,1,1,632,639,7
465,8,4,623,639,16
467,3,4,627,639,12
469,5,3,631,640,9
472,4,3,632,640,8
471,2,2,632,642,10
474,6,2,633,642,9
479,8,0,640,646,6
480,4,3,641,647,6
473,9,4,632,648,16
475,7,4,633,648,15
483,6,2,644,649,5
482,2,0,643,651,8
487,9,3,649,654,5
488,6,4,650,655,5
486,7,0,649,656,7
476,0,1,637,658,21
477,1,1,640,658,18
478,3,1,640,658,18
481,5,1,641,658,17
484,8,2,647,658,11
485,4,2,648,658,10
489,2,4,654,664,10
490,9,4,655,664,9
493,0,4,659,669,10
499,2,0,665,670,5
491,6,2,656,677,21
492,7,2,657,677,20
497,5,2,659,677,18
498,8,2,659,677,18
494,1,3,659,677,18
495,3,3,659,677,18
496,4,3,659,677,18
501,0,4,670,679,9
502,2,4,671,679,8
500,9,2,665,682,17
510,2,0,680,685,5
507,6,3,678,687,9
509,8,3,678,687,9
503,1,4,678,688,10
506,5,4,678,688,10
511,0,2,684,693,9
512,9,2,685,693,8
513,2,0,686,696,10
514,6,0,688,696,8
504,3,1,678,696,18
505,4,1,678,696,18
508,7,1,678,696,18
515,8,3,688,696,8
523,6,3,697,702,5
521,3,4,697,702,5
524,7,1,697,703,6
517,5,2,689,703,14
519,9,2,694,703,9
528,5,3,704,710,6
520,2,2,697,713,16
525,8,2,697,713,16
516,1,0,689,714,25
518,0,0,694,714,20
522,4,0,697,714,17
531,5,3,711,716,5
526,3,1,703,721,18
527,6,1,703,721,18
529,7,1,704,721,17
530,9,1,704,721,17
532,2,2,714,723,9
533,8,2,714,723,9
534,0,0,715,724,9
536,4,0,715,724,9
538,3,3,722,727,5
539,6,2,722,732,10
541,9,2,722,732,10
543,8,3,724,732,8
542,2,0,724,735,11
545,4,0,726,735,9
535,1,1,715,739,24
537,5,1,717,739,22
540,7,1,722,739,17
546,3,2,728,741,13
547,6,2,733,741,8
552,1,3,740,745,5
554,7,4,740,745,5
544,0,1,725,748,23
549,9,1,733,748,15
556,3,2,745,750,5
548,8,0,733,753,20
550,2,0,736,753,17
551,4,0,736,753,17
555,6,4,744,754,10
557,1,4,746,754,8
558,7,1,746,757,11
560,9,1,749,757,8
559,0,2,749,759,10
561,3,2,751,759,8
566,6,3,755,760,5
553,5,0,740,762,22
562,2,0,754,762,8
563,4,2,754,764,10
570,3,0,760,767,7
567,7,3,758,770,12
571,6,3,761,770,9
573,4,4,765,770,5
572,2,2,763,773,10
574,5,2,765,773,8
564,8,1,754,775,21
565,1,1,755,775,20
568,9,1,758,775,17
576,4,0,771,776,5
578,7,4,771,776,5
579,2,3,774,780,6
585,7,0,777,782,5
569,0,1,760,784,24
581,1,1,776,784,8
582,8,4,776,785,9
583,9,4,776,785,9
586,2,3,781,786,5
587,7,0,783,788,5
584,4,1,777,789,12
575,3,2,768,791,23
577,6,2,771,791,20
580,5,2,774,791,17
588,1,0,785,794,9
589,8,3,786,795,9
591,0,3,787,795,8
594,4,4,790,795,5
592,2,2,787,796,9
590,9,1,786,798,12
593,7,1,789,798,9
600,4,4,796,802,6
597,3,2,794,806,12
602,2,2,797,806,9
604,4,0,803,808,5
595,6,3,792,813,21
599,0,3,796,813,17
601,8,3,796,813,17
605,7,2,805,815,10
607,3,2,807,815,8
596,5,1,793,816,23
598,1,1,795,816,21
603,9,1,799,816,17
606,2,0,807,817,10
608,4,0,809,817,8
618,4,0,818,823,5
610,6,3,814,823,9
611,8,3,814,823,9
614,1,2,817,826,9
617,2,2,818,826,8
619,4,0,824,830,6
620,6,3,824,833,9
621,8,3,824,833,9
622,1,2,828,837,9
623,2,2,828,837,9
624,4,4,832,838,6
625,6,3,834,839,5
626,8,2,834,843,9
630,6,3,840,845,5
627,1,4,838,847,9
629,4,4,839,847,8
631,8,0,844,849,5
609,0,1,814,851,37
612,3,1,816,851,35
613,7,1,816,851,35
615,5,1,817,851,34
616,9,1,817,851,34
634,4,3,848,853,5
636,0,2,852,857,5
632,6,4,846,857,11
633,1,4,848,857,9
637,3,3,852,858,6
628,2,1,838,862,24
641,4,1,854,862,8
635,8,4,850,862,12
642,0,2,858,867,9
643,1,2,858,867,9
644,6,3,858,867,9
645,3,3,859,867,8
646,4,1,863,868,5
638,5,0,852,870,18
639,7,0,852,870,18
640,9,0,852,870,18
650,1,1,868,873,5
653,4,4,869,874,5
648,2,0,864,875,11
654,5,1,871,878,7
656,7,3,872,882,10
657,1,3,874,882,8
655,9,4,871,883,12
658,4,4,875,883,8
647,8,2,863,885,22
649,0,2,868,885,17
651,3,2,868,885,17
652,6,2,868,885,17
662,7,1,883,888,5
661,1,3,883,888,5
660,5,4,879,892,13
664,9,4,884,892,8
669,7,3,891,896,5
670,1,1,892,901,9
671,9,1,893,901,8
673,7,3,897,902,5
659,2,2,879,903,24
663,4,2,884,903,19
666,3,2,886,903,17
665,0,0,886,904,18
667,6,0,886,904,18
668,8,0,886,904,18
674,1,3,902,907,5
676,7,0,903,909,6
672,5,1,897,910,13
675,9,1,902,910,8
678,3,3,904,913,9
677,2,4,904,913,9
681,6,4,905,913,8
680,0,2,905,914,9
682,8,2,905,914,9
690,0,4,915,920,5
679,4,1,904,928,24
684,7,1,910,928,18
686,9,1,911,928,17
685,5,3,911,931,20
688,3,3,914,931,17
689,6,3,914,931,17
683,1,2,908,932,24
687,2,2,914,932,18
691,8,2,915,932,17
693,4,1,929,934,5
692,0,2,922,937,15
699,1,3,933,938,5
694,7,4,929,938,9
695,9,4,929,938,9
696,3,0,932,941,9
697,5,0,932,941,9
703,0,3,938,943,5
708,5,4,942,947,5
705,7,2,939,948,9
706,9,2,939,948,9
698,6,1,932,952,20
700,2,1,933,952,19
701,8,1,933,952,19
702,4,1,935,952,17
710,5,0,948,953,5
711,7,3,949,958,9
712,9,3,949,958,9
717,5,0,954,959,5
716,8,2,953,959,6
713,2,4,953,962,9
715,6,4,953,962,9
718,7,2,959,964,5
719,9,4,959,967,8
722,2,0,963,968,5
720,5,3,960,969,9
721,8,3,960,969,9
704,1,1,939,970,31
707,3,1,942,970,28
709,0,1,944,970,26
714,4,1,953,970,17
723,6,2,963,973,10
724,7,2,965,973,8
726,2,0,969,974,5
729,0,4,971,976,5
731,3,2,971,978,7
727,5,3,970,979,9
730,1,3,971,979,8
734,2,0,975,980,5
733,7,4,974,981,7
739,5,3,980,985,5
735,6,2,976,987,11
736,0,2,977,987,10
738,1,4,980,987,7
725,9,1,968,988,20
728,8,1,970,988,18
732,4,1,971,988,17
737,3,0,979,990,11
740,2,0,981,990,9
744,1,4,988,993,5
747,8,1,989,994,5
741,7,3,982,994,12
742,5,3,986,994,8
746,4,2,989,998,9
748,9,2,989,998,9
743,0,0,988,999,11
745,6,0,988,999,11
