task_id,user_id,server_id,generation_time,completion_time,latency
0,0,0,0,7,7
2,3,4,0,8,8
3,4,1,0,19,19
5,7,1,0,19,19
7,6,1,1,19,18
10,0,4,8,23,15
12,4,1,21,27,6
13,6,0,22,28,6
14,7,3,22,29,7
1,2,2,0,35,35
4,5,2,0,35,35
6,1,2,1,35,34
8,8,2,1,35,34
9,9,2,1,35,34
15,0,1,24,37,13
16,4,1,29,37,8
11,3,2,10,41,31
17,6,0,29,43,14
18,7,0,31,43,12
20,5,1,36,44,8
21,8,3,36,47,11
23,2,3,38,47,9
26,3,2,42,48,6
32,5,1,49,55,6
27,6,3,44,56,12
29,2,3,48,56,8
19,1,4,36,56,20
22,9,4,37,56,19
24,4,4,38,56,18
25,0,4,39,56,17
28,7,0,45,57,12
31,3,0,49,57,8
30,8,4,48,61,13
36,6,2,57,66,9
37,9,2,57,66,9
39,3,1,59,70,11
40,2,1,61,70,9
44,6,1,68,76,8
33,5,3,56,76,20
34,0,3,57,76,19
38,1,3,59,76,17
43,9,4,67,77,10
35,4,0,57,84,27
41,7,0,62,84,22
42,8,0,63,84,21
47,1,4,77,84,7
48,5,3,78,87,9
49,9,3,78,87,9
45,3,0,75,89,14
46,0,1,77,90,13
50,2,1,79,90,11
52,6,4,87,92,5
57,2,0,91,97,6
54,4,3,89,98,9
56,9,3,90,98,8
53,5,2,88,99,11
55,8,2,89,99,10
51,1,1,85,101,16
60,3,1,93,101,8
64,8,0,101,107,6
62,2,3,98,107,9
67,9,1,102,109,7
59,0,4,93,112,19
66,4,4,102,112,10
58,7,2,92,118,26
61,6,2,93,118,25
63,5,2,101,118,17
72,0,4,114,123,9
73,4,4,114,123,9
76,7,1,119,124,5
75,6,0,119,127,8
65,1,2,102,128,26
68,3,2,107,128,21
77,4,1,125,130,5
69,2,3,109,131,22
70,8,3,109,131,22
71,9,3,110,131,21
74,5,4,119,136,17
78,7,4,126,136,10
79,0,3,127,149,22
80,6,3,129,149,20
82,4,3,132,149,17
83,8,1,132,151,19
84,3,1,133,151,18
87,5,3,137,158,21
88,7,3,139,158,19
81,1,4,130,158,28
85,9,4,133,158,25
86,2,4,135,158,23
92,8,1,153,159,6
90,4,2,150,159,9
91,3,0,153,164,11
93,6,0,155,164,9
100,1,1,161,167,6
99,9,3,160,168,8
101,6,1,165,172,7
97,7,0,160,175,15
89,0,4,150,175,25
95,2,4,160,175,15
94,5,2,159,178,19
96,4,2,160,178,18
98,8,2,160,178,18
102,1,3,169,180,11
104,9,3,169,180,11
103,3,1,169,181,12
106,2,2,176,187,11
107,7,2,176,187,11
109,4,4,179,190,11
111,8,4,179,190,11
112,1,0,181,192,11
114,3,0,183,192,9
116,7,1,189,196,7
105,6,3,175,203,28
108,0,3,178,203,25
110,5,3,179,203,24
113,9,3,181,203,22
115,2,4,188,203,15
117,4,4,192,203,11
118,1,0,193,213,20
119,8,0,193,213,20
120,3,0,195,213,18
124,4,3,204,213,9
126,6,3,204,213,9
121,7,1,199,221,22
122,0,1,204,221,17
125,5,1,204,221,17
128,3,2,214,224,10
130,1,2,215,224,9
137,3,1,225,230,5
132,6,2,218,231,13
133,0,4,223,233,10
136,1,4,225,233,8
123,2,0,204,234,30
127,9,0,204,234,30
129,4,0,214,234,20
131,8,0,217,234,17
139,3,4,233,238,5
134,7,0,223,243,20
135,5,0,224,243,19
138,6,1,232,244,12
141,2,4,235,246,11
144,0,0,236,253,17
147,7,0,244,253,9
150,2,1,247,254,7
148,5,4,245,257,12
149,6,4,245,257,12
154,6,3,258,265,7
151,0,4,254,270,16
153,2,4,256,270,14
140,1,2,235,274,39
142,4,2,235,274,39
143,9,2,235,274,39
145,8,2,238,274,36
146,3,2,239,274,35
159,2,3,275,282,7
152,7,2,254,283,29
155,5,2,259,283,24
158,1,0,275,287,12
161,8,0,275,287,12
162,3,2,276,289,13
156,6,4,266,295,29
164,2,4,283,295,12
157,0,1,271,299,28
160,4,1,275,299,24
163,9,1,276,299,23
169,3,4,291,302,11
170,2,0,296,305,9
171,6,0,297,305,8
165,5,3,285,310,25
166,7,3,289,310,21
168,8,3,290,310,20
167,1,1,290,313,23
176,6,0,309,314,5
179,2,1,313,318,5
180,7,2,313,323,10
181,1,2,315,323,8
172,4,4,300,323,23
173,9,4,300,323,23
174,0,4,301,323,22
183,2,2,320,328,8
175,3,3,303,331,28
177,5,3,311,331,20
178,8,3,312,331,19
185,4,0,324,335,11
186,9,1,325,335,10
189,2,2,329,339,10
190,5,1,332,340,8
187,1,4,326,340,14
188,7,4,326,340,14
191,8,0,332,341,9
198,2,2,342,349,7
199,8,4,344,350,6
182,6,3,316,353,37
184,0,3,324,353,29
192,3,3,336,353,17
195,1,0,341,354,13
196,5,0,341,354,13
201,3,2,354,359,5
203,8,0,354,360,6
202,6,1,354,362,8
204,5,4,355,362,7
210,6,1,364,371,7
206,1,2,360,375,15
208,8,2,361,375,14
207,3,0,360,377,17
209,5,0,364,377,13
211,6,1,373,379,6
213,5,4,378,385,7
193,4,3,338,390,52
194,9,3,338,390,52
197,7,3,341,390,49
200,0,3,354,390,36
205,2,3,356,390,34
214,1,0,379,391,12
217,5,4,386,392,6
212,8,1,377,394,17
219,4,0,391,396,5
215,3,3,379,403,24
216,6,3,380,403,23
226,8,4,397,403,6
224,5,0,394,405,11
221,9,1,391,405,14
222,1,1,392,405,13
218,0,2,391,410,19
220,7,2,391,410,19
223,2,2,392,410,18
229,8,3,405,414,9
231,9,3,406,414,8
225,4,2,397,420,23
227,3,2,404,420,16
236,9,4,415,420,5
233,0,3,411,425,14
234,7,3,411,425,14
238,9,0,421,427,6
228,6,1,404,429,25
230,5,1,406,429,23
232,1,1,408,429,21
239,4,4,422,429,7
240,3,3,424,432,8
244,4,3,430,437,7
246,5,2,432,439,7
235,2,1,414,448,34
237,8,1,416,448,32
242,0,1,427,448,21
245,6,0,431,452,21
248,3,0,433,452,19
249,5,3,440,452,12
250,4,3,441,452,11
241,7,4,426,456,30
243,9,4,429,456,27
247,1,4,433,456,23
254,5,2,453,459,6
255,6,1,453,463,10
251,2,0,450,464,14
259,7,2,458,464,6
257,1,4,457,466,9
258,3,4,457,466,9
263,6,1,465,473,8
252,8,3,450,473,23
253,0,3,452,473,21
256,4,3,455,473,18
268,6,2,474,479,5
267,4,4,474,483,9
269,8,4,474,483,9
262,2,0,465,489,24
264,7,0,466,489,23
266,3,0,467,489,22
260,9,3,458,491,33
261,5,3,464,491,27
265,1,3,467,491,24
273,8,4,484,492,8
277,9,2,492,499,7
278,1,4,493,500,7
280,8,1,493,504,11
274,2,0,490,509,19
275,3,0,490,509,19
276,7,0,490,509,19
270,0,3,477,513,36
271,6,3,481,513,32
272,4,3,484,513,29
279,5,3,493,513,20
282,1,2,502,516,14
283,8,2,507,516,9
284,2,4,510,517,7
285,7,3,511,521,10
281,9,0,501,522,21
290,4,4,516,522,6
286,3,1,512,524,12
288,0,1,515,524,9
291,1,1,518,533,15
294,4,1,523,533,10
287,6,2,514,539,25
289,5,2,515,539,24
292,2,2,518,539,21
293,8,2,518,539,21
300,4,3,535,544,9
295,7,0,523,545,22
296,9,0,523,545,22
297,0,0,525,545,20
298,3,0,525,545,20
302,5,4,540,549,9
303,6,4,540,549,9
299,1,0,535,551,16
304,8,2,541,554,13
306,4,2,546,554,8
314,4,3,558,565,7
301,2,1,540,568,28
305,0,1,546,568,22
307,7,1,546,568,22
310,6,1,550,568,18
315,4,0,566,572,6
316,0,4,569,576,7
320,4,0,573,584,11
317,6,3,569,585,16
318,2,3,570,585,15
308,3,2,547,589,42
309,9,2,547,589,42
311,1,2,553,589,36
312,5,2,553,589,36
313,8,2,555,589,34
322,4,1,585,591,6
321,0,4,579,593,14
329,5,3,592,597,5
327,9,1,591,598,7
326,8,4,590,602,12
330,0,4,594,602,8
319,7,2,570,607,37
323,2,2,586,607,21
324,6,2,587,607,20
333,9,3,602,612,10
334,0,3,603,612,9
336,8,4,608,614,6
331,5,2,598,617,19
338,0,1,615,621,6
341,9,4,616,623,7
325,3,0,590,625,35
328,4,0,592,625,33
332,1,0,599,625,26
335,7,0,608,625,17
345,1,4,626,633,7
337,6,3,609,634,25
339,2,3,615,634,19
340,8,3,615,634,19
346,3,2,628,636,8
353,3,1,637,642,5
342,5,3,620,646,26
350,6,3,635,646,11
343,0,0,623,647,24
344,9,0,625,647,22
347,4,0,629,647,18
348,7,0,629,647,18
354,3,2,644,650,6
355,5,1,647,652,5
349,1,4,635,657,22
351,8,4,635,657,22
352,2,4,637,657,20
365,1,1,662,668,6
357,4,4,649,668,19
360,9,3,651,676,25
362,5,3,654,676,22
363,2,3,658,676,18
366,1,0,669,677,8
370,9,1,677,686,9
371,1,1,678,686,8
368,2,3,677,687,10
369,5,3,677,687,10
373,9,3,687,692,5
356,7,2,648,695,47
358,0,2,651,695,44
359,6,2,651,695,44
361,3,2,654,695,41
364,8,2,658,695,37
375,5,4,692,697,5
376,9,3,694,699,5
381,0,4,699,707,8
378,6,0,696,708,12
367,4,2,669,714,45
372,1,2,687,714,27
374,2,2,688,714,26
377,3,2,696,714,18
385,0,1,711,718,7
379,7,3,696,720,24
380,8,3,696,720,24
382,5,3,699,720,21
383,9,2,703,724,21
388,4,2,715,724,9
386,1,4,715,731,16
392,7,4,721,731,10
395,9,0,728,736,8
384,6,3,709,740,31
387,3,3,715,740,25
391,5,3,721,740,19
396,7,4,732,741,9
399,6,4,742,747,5
389,2,1,720,749,29
390,0,1,721,749,28
393,8,1,721,749,28
402,5,0,746,752,6
403,6,4,748,753,5
397,1,1,736,758,22
401,7,1,745,758,13
406,8,0,753,760,7
405,0,4,751,761,10
394,4,3,725,767,42
398,9,3,738,767,29
400,3,3,743,767,24
404,2,3,750,767,17
410,7,4,759,770,11
407,5,1,756,779,23
408,6,1,756,779,23
411,8,1,761,779,18
419,8,4,781,786,5
409,1,3,759,787,28
412,0,3,764,787,23
413,2,3,768,787,19
415,4,3,768,787,19
418,6,3,780,796,16
420,5,3,783,796,13
414,3,1,768,798,30
416,9,1,768,798,30
417,7,1,771,798,27
426,6,3,797,802,5
431,6,3,803,809,6
429,3,0,801,811,10
430,5,0,803,811,8
421,0,4,788,813,25
422,8,4,788,813,25
423,2,4,789,813,24
424,1,4,791,813,22
425,4,1,793,818,25
427,7,1,799,818,19
428,9,1,800,818,18
432,6,4,811,818,7
436,3,0,814,819,5
433,5,2,812,822,10
435,2,2,814,822,8
437,8,3,814,826,12
438,0,3,816,826,10
442,4,4,820,826,6
434,1,1,814,829,15
439,6,1,819,829,10
448,4,0,828,833,5
443,3,2,821,833,12
444,2,2,823,833,10
447,0,1,828,834,6
445,5,4,823,834,11
450,6,2,833,838,5
451,3,4,834,839,5
454,2,2,836,843,7
440,7,3,819,844,25
441,9,3,819,844,25
446,8,3,827,844,17
456,3,2,841,849,8
457,6,4,842,849,7
449,1,0,830,852,22
452,4,0,834,852,18
453,0,0,835,852,17
458,2,1,844,857,13
459,7,1,846,857,11
464,1,4,853,861,8
455,5,0,840,871,31
462,3,0,850,871,21
463,6,0,851,871,20
460,8,3,848,872,24
461,9,3,848,872,24
465,0,3,855,872,17
466,4,3,855,872,17
471,4,1,873,885,12
469,1,0,868,893,25
472,6,0,873,893,20
473,9,0,873,893,20
474,0,0,874,893,19
479,6,1,894,900,6
480,9,2,894,904,10
481,0,2,896,904,8
482,6,4,903,908,5
467,2,3,858,914,56
468,7,3,860,914,54
470,5,3,872,914,42
475,3,3,874,914,40
476,8,3,875,914,39
483,0,2,908,917,9
485,9,2,909,917,8
487,3,0,915,921,6
488,5,2,915,926,11
490,8,2,915,926,11
484,6,4,909,927,18
486,2,4,915,927,12
492,0,1,920,928,8
494,3,2,928,935,7
477,4,3,886,935,49
478,1,3,894,935,41
489,7,3,915,935,20
493,2,4,928,935,7
495,6,1,928,939,11
498,8,1,930,939,9
501,4,0,936,942,6
506,4,0,944,949,5
503,7,2,939,949,10
499,2,1,936,968,32
500,3,1,936,968,32
505,8,1,940,968,28
511,2,0,971,977,6
491,9,3,919,978,59
496,0,3,929,978,49
497,5,3,930,978,48
502,1,3,937,978,41
504,6,3,940,978,38
507,7,4,950,988,38
508,4,4,953,988,35
509,3,4,969,988,19
510,8,4,969,988,19
512,0,2,979,989,10
516,6,2,979,989,10
514,2,1,979,991,12
517,9,1,981,991,10
