task_id,user_id,server_id,generation_time,completion_time,latency
6,6,2,0,5,5
9,9,4,0,5,5
10,9,4,6,11,5
12,9,0,12,17,5
11,6,4,12,17,5
0,0,1,0,18,18
4,4,1,0,18,18
7,7,1,0,18,18
13,6,2,18,23,5
15,0,0,19,24,5
14,9,4,18,24,6
16,4,1,19,28,9
17,7,1,19,28,9
20,9,2,25,30,5
18,6,0,24,34,10
19,0,0,25,34,9
22,7,4,29,34,5
1,1,3,0,35,35
2,2,3,0,35,35
3,3,3,0,35,35
5,5,3,0,35,35
8,8,3,0,35,35
24,0,1,35,40,5
26,7,4,35,40,5
29,3,0,36,45,9
31,8,0,36,45,9
33,0,1,43,48,5
32,7,0,42,51,9
25,6,2,35,53,18
27,1,2,36,53,17
28,2,2,36,53,17
21,4,3,29,53,24
23,9,3,31,53,22
30,5,3,36,53,17
34,3,1,46,57,11
36,0,1,49,57,8
43,9,2,54,59,5
40,4,4,54,59,5
35,8,3,46,71,25
37,7,3,52,71,19
42,6,3,54,71,17
38,1,0,54,72,18
39,2,0,54,72,18
41,5,0,54,72,18
49,7,3,72,77,5
51,1,1,73,78,5
44,0,2,60,78,18
45,3,2,60,78,18
46,4,2,60,78,18
47,9,2,60,78,18
48,6,4,72,78,6
50,8,0,72,83,11
53,5,0,73,83,10
52,2,2,73,88,15
57,3,2,79,88,9
56,1,4,79,89,10
60,9,4,79,89,10
59,6,0,79,92,13
61,8,0,84,92,8
62,5,1,88,93,5
64,3,2,89,94,5
54,7,3,78,96,18
55,0,3,79,96,17
58,4,3,79,96,17
63,2,4,89,98,9
65,1,4,90,98,8
70,5,2,95,100,5
69,3,1,95,102,7
72,4,4,97,103,6
73,7,2,97,105,8
71,0,3,97,107,10
74,1,3,99,107,8
77,3,4,103,109,6
66,9,0,90,110,20
67,6,0,93,110,17
68,8,0,93,110,17
75,2,1,99,111,12
76,5,1,102,111,9
79,7,2,106,111,5
82,3,0,110,115,5
85,9,2,111,116,5
80,0,3,108,117,9
81,1,3,108,117,9
83,6,4,111,120,9
88,7,4,112,120,8
92,1,2,118,123,5
90,9,0,117,126,9
91,0,0,118,126,8
94,7,3,121,126,5
89,3,4,116,126,10
78,4,1,104,129,25
84,8,1,111,129,18
86,2,1,112,129,17
87,5,1,112,129,17
97,3,2,127,132,5
99,9,4,127,132,5
93,6,0,121,135,14
95,1,0,124,135,11
96,0,3,127,136,9
98,7,3,127,136,9
105,9,2,133,138,5
103,4,1,133,139,6
100,2,0,132,140,8
107,0,3,138,143,5
112,0,0,144,149,5
101,5,4,132,151,19
102,3,4,133,151,18
104,8,4,133,151,18
111,4,3,143,152,9
113,6,3,144,152,8
114,0,1,150,155,5
106,1,2,136,156,20
108,7,2,138,156,18
109,9,2,139,156,17
119,6,4,153,158,5
117,8,0,152,161,9
118,4,0,153,161,8
110,2,2,142,161,19
122,6,3,159,164,5
123,7,4,159,164,5
121,9,0,157,170,13
124,1,0,160,170,10
129,6,3,167,172,5
115,3,1,152,173,21
116,5,1,152,173,21
120,0,1,156,173,17
128,7,0,166,175,9
130,1,4,171,176,5
125,2,2,162,180,18
126,4,2,162,180,18
127,8,2,162,180,18
131,9,1,171,182,11
135,5,1,174,182,8
136,7,3,176,185,9
137,1,3,177,185,8
139,4,4,181,186,5
142,9,2,183,189,6
138,2,1,181,191,10
140,8,1,181,191,10
144,7,3,186,191,5
141,5,4,183,191,8
132,6,0,173,194,21
133,0,0,174,194,20
134,3,0,174,194,20
151,0,2,195,201,6
148,5,3,192,201,9
150,8,3,192,201,9
156,8,0,202,207,5
153,3,2,202,207,5
157,3,3,209,214,5
159,3,0,215,220,5
152,0,4,202,220,18
154,5,4,202,220,18
155,6,4,202,220,18
162,5,0,221,226,5
143,1,1,186,226,40
145,4,1,187,226,39
146,9,1,190,226,36
147,2,1,192,226,34
149,7,1,192,226,34
161,3,3,221,226,5
165,2,1,227,232,5
167,5,0,227,233,6
168,9,2,227,236,9
169,7,2,228,236,8
164,1,3,227,236,9
166,3,3,227,236,9
170,2,0,233,238,5
158,8,4,209,238,29
160,0,4,221,238,17
163,6,4,221,238,17
171,5,1,234,239,5
175,7,2,237,242,5
173,3,3,237,242,5
176,9,0,237,243,6
181,5,3,240,247,7
177,0,4,239,248,9
180,8,4,239,248,9
179,6,2,239,251,12
183,7,2,243,251,8
184,9,0,247,252,5
187,8,0,249,257,8
172,1,1,237,257,20
174,4,1,237,257,20
178,2,1,239,257,18
182,3,4,243,257,14
186,0,4,249,257,8
188,6,3,252,259,7
185,5,2,248,260,12
189,7,2,252,260,8
196,8,0,258,266,8
190,9,4,253,266,13
193,2,4,258,266,8
194,3,1,258,267,9
195,4,1,258,267,9
192,1,2,258,269,11
197,6,2,260,269,9
191,0,3,258,269,11
198,5,3,261,269,8
200,2,0,267,273,6
207,5,2,270,275,5
199,7,4,261,275,14
202,9,4,267,275,8
209,2,0,274,279,5
210,5,2,276,281,5
205,0,4,270,284,14
206,1,4,270,284,14
211,7,3,276,285,9
212,9,3,276,285,9
201,8,1,267,287,20
203,3,1,268,287,19
204,4,1,268,287,19
208,6,1,270,287,17
214,5,4,282,289,7
216,1,0,285,291,6
218,9,2,286,291,5
213,2,3,281,294,13
215,0,3,285,294,9
224,1,1,292,297,5
217,7,4,286,298,12
220,8,4,289,298,9
227,2,0,295,300,5
222,5,2,290,300,10
223,6,2,290,300,10
228,1,1,298,303,5
229,7,4,299,304,5
226,0,2,295,307,12
233,6,1,301,308,7
230,8,0,299,309,10
231,2,0,301,309,8
219,3,3,289,312,23
221,4,3,290,312,22
225,9,3,292,312,20
234,1,0,304,314,10
239,8,2,310,315,5
238,2,4,310,315,5
245,9,2,316,321,5
232,5,3,301,321,20
240,4,3,313,321,8
235,7,1,305,326,21
236,0,1,308,326,18
237,6,1,309,326,17
246,4,3,322,327,5
247,9,0,322,331,9
248,5,0,323,331,8
251,7,3,327,332,5
252,4,1,328,333,5
241,1,4,315,333,18
242,2,4,316,333,17
243,3,4,316,333,17
244,8,4,316,333,17
249,0,2,327,336,9
250,6,2,327,336,9
255,7,3,333,338,5
259,4,0,334,339,5
254,9,2,332,341,9
253,5,1,332,342,10
260,8,1,334,342,8
264,7,0,340,345,5
263,4,1,340,347,7
266,8,2,343,348,5
261,6,3,339,348,9
262,0,3,340,348,8
268,7,0,346,351,5
256,1,4,334,352,18
257,2,4,334,352,18
258,3,4,334,352,18
265,5,3,343,353,10
270,0,2,349,354,5
269,4,1,348,358,10
271,6,1,349,358,9
275,2,3,353,358,5
267,9,4,343,361,18
272,8,4,349,361,12
277,0,2,358,367,9
278,5,2,358,367,9
280,4,3,359,368,9
281,6,3,359,368,9
273,7,0,352,370,18
274,1,0,353,370,17
276,3,0,353,370,17
279,2,4,359,372,13
282,8,4,364,372,8
283,0,2,368,373,5
285,9,3,368,377,9
287,6,3,369,377,8
284,5,4,368,377,9
292,2,2,375,380,5
288,1,1,371,381,10
291,8,1,373,381,8
294,5,4,378,383,5
286,4,0,369,388,19
289,3,0,371,388,17
290,7,0,371,388,17
298,2,2,382,391,9
299,8,2,382,391,9
297,1,4,382,392,10
300,5,4,384,392,8
301,3,0,389,395,6
303,4,1,390,395,5
293,0,3,376,396,20
295,6,3,378,396,18
296,9,3,378,396,18
309,4,4,396,401,5
306,1,0,393,404,11
308,3,0,396,404,8
307,5,3,393,405,12
311,6,3,397,405,8
310,0,1,397,406,9
312,9,1,397,406,9
302,7,2,389,409,20
304,2,2,392,409,17
305,8,2,392,409,17
314,1,4,405,410,5
316,5,0,406,411,5
313,4,3,403,414,11
317,6,3,406,414,8
315,3,1,405,415,10
318,0,1,407,415,8
323,7,2,411,417,6
319,9,4,407,419,12
321,8,4,410,419,9
327,0,0,416,421,5
328,3,2,416,422,6
325,4,3,415,424,9
326,6,3,415,424,9
333,0,2,424,429,5
334,4,0,425,430,5
335,6,3,425,430,5
320,2,1,410,433,23
322,1,1,411,433,22
324,5,1,412,433,21
329,9,4,420,438,18
330,7,4,421,438,17
331,8,4,421,438,17
339,1,0,434,439,5
336,0,2,430,439,9
338,6,2,431,439,8
337,4,1,431,442,11
340,2,1,434,442,8
347,6,2,440,445,5
342,7,3,439,445,6
332,3,4,423,447,24
341,5,4,434,447,13
343,8,0,439,448,9
344,9,0,439,448,9
345,0,1,440,451,11
346,1,1,440,451,11
351,7,3,446,452,6
349,4,4,446,456,10
352,3,4,448,456,8
348,2,0,443,457,14
350,6,0,446,457,11
353,5,2,448,457,9
355,9,2,449,457,8
354,8,3,449,457,8
356,0,1,452,461,9
357,1,1,452,461,9
360,4,4,457,466,9
361,2,4,458,466,8
366,0,0,462,467,5
359,3,3,457,467,10
365,9,3,458,467,9
368,2,1,467,472,5
369,4,4,467,472,5
358,7,2,453,475,22
362,5,2,458,475,17
363,6,2,458,475,17
364,8,2,458,475,17
367,1,3,463,476,13
370,0,3,468,476,8
371,3,0,468,477,9
372,9,0,468,477,9
373,2,4,473,478,5
376,7,3,476,481,5
377,8,2,476,485,9
378,0,2,477,485,8
379,1,1,477,486,9
381,3,1,478,486,8
375,6,4,476,487,11
380,5,4,477,487,10
390,6,1,488,493,5
389,5,4,488,493,5
384,7,2,484,494,10
385,0,2,486,494,8
374,4,0,473,496,23
382,9,0,478,496,18
383,2,0,479,496,17
386,8,3,486,496,10
387,1,3,487,496,9
388,3,2,487,503,16
394,7,2,495,503,8
392,6,4,494,505,11
399,9,4,497,505,8
400,3,1,504,509,5
393,0,0,495,514,19
397,4,0,497,514,17
398,8,0,497,514,17
391,5,3,494,514,20
395,1,3,497,514,17
396,2,3,497,514,17
401,7,2,504,523,19
402,6,2,506,523,17
403,9,2,506,523,17
406,1,0,515,524,9
408,4,0,515,524,9
412,7,4,524,529,5
414,1,1,525,531,6
410,8,2,515,532,17
411,6,2,524,532,8
404,3,3,510,532,22
405,0,3,515,532,17
407,2,3,515,532,17
409,5,3,515,532,17
413,9,0,524,533,9
415,4,0,525,533,8
416,7,4,530,535,5
418,0,0,533,538,5
419,2,2,533,538,5
426,0,2,539,549,10
428,7,2,540,549,9
417,1,3,532,550,18
420,3,3,533,550,17
421,5,3,533,550,17
423,8,3,533,550,17
422,6,1,533,551,18
424,4,1,534,551,17
425,9,1,534,551,17
431,1,3,551,556,5
435,4,2,552,557,5
430,7,0,550,559,9
432,3,0,551,559,8
427,2,1,539,560,21
429,0,1,550,560,10
438,1,2,557,562,5
439,4,3,558,564,6
443,2,1,561,566,5
433,5,4,551,569,18
434,8,4,551,569,18
436,6,4,552,569,17
437,9,0,552,570,18
440,3,0,560,570,10
444,1,3,565,570,5
445,4,1,566,571,5
441,7,2,560,571,11
442,0,2,561,571,10
448,8,2,570,576,6
456,8,0,583,588,5
446,2,3,567,588,21
447,6,3,570,588,18
451,5,3,571,588,17
450,3,1,571,589,18
454,4,1,572,589,17
455,7,1,572,589,17
449,1,4,571,589,18
452,9,4,571,589,18
453,0,4,572,589,17
462,1,4,590,595,5
459,6,1,589,596,7
457,2,0,589,598,9
461,0,0,590,598,8
460,8,3,589,599,10
463,3,3,590,599,9
467,1,0,596,603,7
471,3,4,600,605,5
472,8,1,600,606,6
458,5,2,589,607,18
464,4,2,590,607,17
465,7,2,590,607,17
466,9,2,590,607,17
476,4,0,608,613,5
478,7,1,608,613,5
473,1,4,604,614,10
474,3,4,606,614,8
468,6,3,597,617,20
469,0,3,599,617,18
470,2,3,599,617,18
481,7,1,614,619,5
483,3,4,615,620,5
484,0,0,618,623,5
475,8,2,607,625,18
477,5,2,608,625,17
479,9,2,608,625,17
487,7,4,620,625,5
480,4,3,614,626,12
485,2,3,618,626,8
488,3,0,621,628,7
489,0,1,624,629,5
495,4,3,627,632,5
494,2,1,627,634,7
497,3,3,633,638,5
482,1,2,615,643,28
486,6,2,618,643,25
492,8,2,626,643,17
500,3,3,639,644,5
490,5,4,626,644,18
491,7,4,626,644,18
493,9,4,626,644,18
505,5,0,645,652,7
502,8,2,644,653,9
506,7,2,645,653,8
496,0,1,633,654,21
498,4,1,633,654,21
499,2,1,635,654,19
501,6,4,644,662,18
503,1,4,645,662,17
504,3,4,645,662,17
507,9,4,645,662,17
509,7,0,654,663,9
512,2,0,655,663,8
510,8,2,654,663,9
513,4,2,655,663,8
508,5,3,653,663,10
511,0,3,655,663,8
515,3,2,663,672,9
517,9,2,663,672,9
514,1,3,663,673,10
516,6,3,663,673,10
524,3,3,673,678,5
527,6,4,674,679,5
525,9,2,673,680,7
518,0,0,664,682,18
519,2,0,664,682,18
523,8,0,664,682,18
520,4,1,664,682,18
521,5,1,664,682,18
522,7,1,664,682,18
530,9,3,681,686,5
532,2,1,683,688,5
534,5,2,683,688,5
528,3,4,679,688,9
529,6,4,680,688,8
533,4,3,683,695,12
537,9,3,687,695,8
531,0,4,683,697,14
538,2,4,689,697,8
540,5,1,689,698,9
541,6,1,689,698,9
526,1,0,674,700,26
535,7,0,683,700,17
536,8,0,683,700,17
539,3,3,689,701,12
542,4,1,696,703,7
545,2,4,698,703,5
544,0,2,698,707,9
546,5,2,699,707,8
543,9,0,696,709,13
547,6,0,699,709,10
551,2,2,704,712,8
554,0,3,708,713,5
548,8,4,701,714,13
553,7,4,704,714,10
556,9,2,711,717,6
558,2,3,713,718,5
549,3,1,702,721,19
550,1,1,704,721,17
552,4,1,704,721,17
559,0,2,714,726,12
562,9,2,718,726,8
563,2,1,720,730,10
565,3,1,722,730,8
564,1,0,722,732,10
566,4,0,722,732,10
555,5,4,708,732,24
557,6,4,712,732,20
560,7,4,715,732,17
561,8,4,715,732,17
567,0,3,727,736,9
568,9,3,727,736,9
575,7,0,733,738,5
569,2,1,731,740,9
570,3,1,731,740,9
571,1,2,733,742,9
574,6,2,733,742,9
577,0,3,737,742,5
573,5,4,733,742,9
576,8,4,733,742,9
572,4,1,733,745,12
578,9,0,738,747,9
579,7,0,739,747,8
582,0,2,743,748,5
586,8,3,743,748,5
583,1,1,743,750,7
581,3,4,741,751,10
585,6,4,743,751,8
589,9,3,748,753,5
588,7,2,748,757,9
591,8,2,749,757,8
593,3,1,752,761,9
594,6,1,752,761,9
596,7,3,758,763,5
597,8,4,758,763,5
592,1,2,751,764,13
580,2,0,741,765,24
584,5,0,743,765,22
587,4,0,746,765,19
595,9,1,754,766,12
602,1,4,765,770,5
598,6,3,762,773,11
599,3,3,763,773,10
606,1,1,771,776,5
607,9,4,771,776,5
609,3,3,776,781,5
611,9,1,777,782,5
590,0,0,749,783,34
600,7,0,764,783,19
601,8,0,764,783,19
603,2,2,766,784,18
604,4,2,766,784,18
605,5,2,766,784,18
608,6,4,775,785,10
610,1,4,777,785,8
618,4,2,785,790,5
615,7,0,784,793,9
619,5,0,785,793,8
616,8,3,784,793,9
617,2,3,785,793,8
622,6,2,791,796,5
626,8,3,794,799,5
620,1,4,790,799,9
621,4,4,791,799,8
612,3,1,782,801,19
613,9,1,783,801,18
614,0,1,784,801,17
627,6,3,797,804,7
632,9,3,806,811,5
623,2,2,794,814,20
624,5,2,794,814,20
625,7,2,794,814,20
628,1,0,800,818,18
629,4,0,800,818,18
630,8,0,800,818,18
634,3,1,811,820,9
635,9,1,812,820,8
636,2,3,815,820,5
639,1,4,819,824,5
642,2,1,822,827,5
643,3,3,823,829,6
645,9,1,825,832,7
631,6,2,805,832,27
637,5,2,815,832,17
638,7,2,815,832,17
633,0,0,807,836,29
640,4,0,819,836,17
641,8,0,819,836,17
646,2,4,828,836,8
648,5,1,833,838,5
649,6,3,833,838,5
654,8,0,837,842,5
651,9,4,833,845,12
652,2,4,837,845,8
653,4,1,837,847,10
655,5,1,839,847,8
656,6,0,842,851,9
657,8,0,843,851,8
644,1,2,825,851,26
647,3,2,830,851,21
650,7,2,833,851,18
658,0,3,846,851,5
661,4,1,848,853,5
662,5,4,848,853,5
670,5,2,854,859,5
659,2,0,846,860,14
660,9,0,846,860,14
665,3,3,852,861,9
668,8,3,852,861,9
664,1,1,852,862,10
666,6,1,852,862,10
663,0,4,852,862,10
667,7,4,852,862,10
671,5,0,860,865,5
675,8,0,862,870,8
669,4,3,854,870,16
673,9,3,861,870,9
674,3,2,862,871,9
676,0,2,863,871,8
680,5,1,868,873,5
685,3,0,872,877,5
679,7,3,863,879,16
681,4,3,871,879,8
672,2,4,861,880,19
677,1,4,863,880,17
678,6,4,863,880,17
691,2,1,881,887,6
687,3,3,878,889,11
690,1,3,881,889,8
682,8,2,871,890,19
683,9,2,871,890,19
684,0,2,872,890,18
693,2,3,888,894,6
698,9,0,891,896,5
688,4,4,880,898,18
689,7,4,880,898,18
692,6,4,881,898,17
686,5,2,877,899,22
694,1,2,890,899,9
700,9,0,897,902,5
704,5,3,900,905,5
705,6,0,900,907,7
695,3,1,890,908,18
696,0,1,891,908,17
697,8,1,891,908,17
699,2,2,896,908,12
701,4,2,899,908,9
702,7,4,899,908,9
703,1,4,900,908,8
706,9,0,905,912,7
714,7,1,909,914,5
707,5,4,906,917,11
709,0,4,909,917,8
712,3,2,909,918,9
713,4,2,909,918,9
716,9,1,914,920,6
721,4,0,919,924,5
720,3,2,919,924,5
708,6,3,908,926,18
710,1,3,909,926,17
711,2,3,909,926,17
715,8,3,909,926,17
722,9,1,922,927,5
718,0,4,918,927,9
719,5,4,918,927,9
724,4,2,925,930,5
717,7,3,915,935,20
727,6,3,927,935,8
729,0,0,928,937,9
730,5,0,928,937,9
726,2,4,927,937,10
731,9,4,928,937,9
733,6,0,936,942,6
738,9,3,938,943,5
723,3,1,925,945,20
725,1,1,927,945,18
728,8,1,927,945,18
732,4,4,934,946,12
734,7,4,936,946,10
735,0,2,938,947,9
737,5,2,938,947,9
740,9,0,944,949,5
742,3,3,946,951,5
739,6,4,943,951,8
747,5,3,949,956,7
748,9,0,952,958,6
750,6,3,955,961,6
751,5,4,957,962,5
736,2,1,938,964,26
743,8,1,946,964,18
744,4,1,947,964,17
741,1,2,946,966,20
745,7,2,947,966,19
746,0,2,949,966,17
752,9,3,960,966,6
753,6,0,962,967,5
756,4,1,965,970,5
759,1,0,967,972,5
755,2,4,965,974,9
757,8,4,965,974,9
762,6,1,968,975,7
749,3,2,953,975,22
758,0,2,967,975,8
754,5,3,963,976,13
761,9,3,967,976,9
764,1,2,973,980,7
760,7,4,967,983,16
763,4,4,971,983,12
767,0,0,976,985,9
769,6,0,976,985,9
765,2,3,975,985,10
766,8,3,975,985,10
768,3,1,976,986,10
771,9,1,977,986,9
770,5,2,977,986,9
773,7,3,984,990,6
781,9,2,987,993,6
772,1,1,981,995,14
778,8,1,986,995,9
